405 1245 410 1279 462
406 1237 417 1279 467
407 1229 424 1279 471
408 1218 435 1276 481
409 1208 445 1269 492
410 1191 456 1259 504
411 1173 466 1249 517
412 1160 473 1235 522
413 1147 480 1221 527
414 1139 488 1207 530
415 1131 495 1192 533
416 1113 502 1182 540
417 1095 509 1172 547
418 1081 512 1154 554
419 1067 515 1137 562
420 1051 523 1126 565
421 1035 530 1116 568
422 1024 530 1098 568
423 1014 530 1081 568
424 1006 533 1070 572
425 998 537 1059 575
426 984 537 1045 575
427 970 537 1031 575
428 959 537 1021 575
429 949 537 1010 575
430 929 537 997 575
431 909 537 983 575
432 898 533 972 572
433 888 530 962 568
434 880 530 951 568
435 871 530 941 568
436 861 526 930 565
437 850 523 920 561
438 840 519 909 558
439 829 516 899 554
440 823 512 888 551
441 816 509 877 547
442 802 505 867 544
443 789 502 857 540
444 782 498 850 537
445 775 495 843 533
446 771 491 832 530
447 767 488 821 526
448 760 488 814 526
449 753 488 807 526
450 746 484 800 523
451 739 481 793 519
452 732 484 786 519
453 725 488 779 519
454 722 488 775 523
455 713 484 777 530
456 709 484 774 530
457 706 484 770 530
458 708 491 761 530
459 704 495 758 533
460 704 498 754 537
461 704 502 751 540
462 701 509 751 550
463 697 515 751 560
464 697 519 751 567
465 697 522 751 574
466 697 529 751 581
467 697 536 751 588
468 701 543 751 593
469 704 550 751 597
470 704 557 754 604
471 704 564 758 611
472 708 571 758 618
473 711 578 758 625
474 711 585 761 632
475 711 592 765 639
476 715 599 765 645
477 718 606 765 651
478 722 614 768 655
479 725 621 772 659
480 725 628 775 666
481 725 635 777 673
482 729 638 781 680
483 732 641 784 686
484 736 649 785 689
485 739 656 786 693
486 743 659 789 693
487 746 663 793 694
488 746 667 796 697
489 746 670 798 701
490 750 670 802 705
491 753 670 805 708
492 757 673 809 708
493 755 674 818 711
494 758 674 821 711
495 762 674 825 711
496 766 674 825 711
497 770 674 825 711
498 778 677 827 708
499 781 677 833 708
500 785 674 838 708
501 788 671 842 708
502 786 667 851 712
503 795 670 849 708
504 798 663 855 705
505 802 657 862 702
506 809 656 862 698
507 816 656 863 694
508 820 646 870 691
509 823 636 877 688
510 827 635 880 681
511 830 635 884 673
512 833 621 894 667
513 836 608 904 660
514 840 601 908 653
515 843 594 911 646
516 851 593 915 639
517 858 593 919 631
518 861 583 923 624
519 859 568 932 622
520 858 568 937 618
521 857 568 941 614
522 868 565 936 607
523 871 557 939 604
524 875 554 940 596
525 879 551 940 589
526 873 543 946 590
527 873 540 946 586
528 879 537 940 579
529 873 526 946 580
530 873 522 946 577
531 873 518 946 573
532 879 516 940 562
533 879 510 940 555
534 876 506 940 551
535 873 503 941 548
536 865 495 947 548
537 871 496 941 541
538 869 495 937 537
539 866 495 934 533
540 859 491 936 537
541 859 491 932 537
542 851 491 933 537
543 851 495 927 533
544 844 488 920 534
545 837 482 913 534
546 830 481 910 533
547 823 480 906 532
548 812 480 899 533
549 802 480 893 534
550 794 480 882 534
551 787 480 871 534
552 767 484 861 537
553 747 487 851 539
554 730 487 837 540
555 713 487 824 541
556 691 490 806 547
557 670 494 789 554
558 643 497 768 554
559 615 501 748 555
560 599 505 719 558
561 583 508 690 562
562 533 512 660 565
563 483 515 629 567
564 463 515 590 568
565 443 515 550 569
566 370 519 514 572
567 297 522 477 576
568 212 522 437 580
569 128 522 397 583
570 128 522 397 583
571 128 522 397 583
628 0 229 89 267
629 0 229 89 267
630 0 229 89 267
631 20 229 106 264
632 45 229 122 260
633 69 225 155 260
634 93 222 189 260
635 121 218 213 257
636 150 215 237 253
637 170 212 262 250
638 191 209 287 246
639 219 206 311 243
640 248 202 335 239
641 273 201 347 239
642 298 201 359 239
643 318 197 393 236
644 339 194 426 232
645 363 194 451 229
646 388 194 475 225
647 412 194 499 229
648 437 194 523 232
649 457 197 547 236
650 478 201 572 239
651 503 204 585 243
652 528 208 598 246
653 552 211 635 253
654 576 214 672 261
655 605 221 687 268
656 633 228 703 275
657 657 235 743 285
658 681 242 783 294
659 709 253 811 304
660 737 263 839 314
661 765 270 855 319
662 794 277 871 324
663 821 288 911 340
664 849 298 951 356
665 881 312 970 364
666 913 326 990 373
667 944 337 1033 389
668 975 347 1077 405
669 1006 361 1111 419
670 1038 375 1145 433
671 1070 389 1166 441
672 1102 403 1186 450
673 1136 414 1232 466
674 1171 424 1278 482
675 1207 438 1279 487
676 1244 453 1279 491
677 1240 449 1279 495
678 1240 449 1279 495
679 1240 449 1279 495
680 1240 449 1279 495
681 1244 453 1279 491
682 1244 453 1279 491
774 1232 509 1279 540
775 1232 509 1279 540
776 1232 509 1279 540
777 1221 509 1272 540
778 1210 509 1262 540
779 1202 509 1251 540
780 1194 509 1241 540
781 1178 509 1227 540
782 1162 509 1213 540
783 1154 509 1202 540
784 1145 509 1192 540
785 1132 509 1181 540
786 1119 509 1171 540
787 1108 506 1160 536
788 1098 504 1150 533
789 1087 503 1139 533
790 1077 502 1129 533
791 1070 502 1118 533
792 1063 502 1108 533
793 1059 502 1100 529
794 1055 502 1093 526
795 1045 499 1086 526
796 1035 495 1080 526
797 1028 492 1073 522
798 1021 488 1066 519
799 1017 485 1058 519
800 1013 482 1051 519
801 1006 479 1048 516
802 1000 475 1045 512
803 999 475 1041 509
804 999 474 1037 505
805 992 468 1034 502
806 986 461 1031 498
807 985 458 1027 495
808 985 454 1023 491
809 981 447 1020 484
810 974 437 1020 481
811 974 433 1020 477
812 974 430 1020 474
813 978 429 1016 463
814 978 425 1016 456
815 974 415 1013 449
816 971 405 1009 442
817 971 401 1009 435
818 971 397 1009 428
819 971 387 1009 421
820 967 374 1013 418
821 967 369 1013 414
822 967 365 1013 411
823 971 365 1009 400
824 971 362 1009 393
825 971 356 1009 386
826 967 347 1013 382
827 967 342 1013 378
828 967 338 1013 375
829 967 335 1013 371
830 967 333 1013 368
831 967 332 1013 368
832 967 331 1013 368
833 967 332 1013 364
834 967 332 1013 360
835 971 329 1013 360
836 975 326 1012 361
837 975 325 1012 361
838 975 324 1012 361
839 975 324 1015 361
840 974 324 1018 361
841 974 324 1019 361
842 974 324 1020 361
843 974 325 1020 357
844 974 325 1020 353
845 974 321 1020 353
846 974 317 1020 354
847 981 320 1020 347
848 985 320 1023 344
849 981 314 1027 346
850 985 313 1023 344
851 988 310 1027 340
852 992 308 1030 337
853 988 304 1034 340
854 992 306 1030 337
855 995 306 1034 333
856 999 306 1037 330
857 995 304 1041 332
858 995 304 1041 332
859 995 304 1041 332
860 995 304 1041 332
861 1000 304 1036 332
862 1004 304 1032 332
863 1003 306 1033 332
864 995 303 1041 338
865 991 303 1042 339
866 987 303 1042 340
867 992 310 1034 340
868 992 313 1030 344
869 985 313 1031 347
870 979 313 1031 350
871 975 316 1027 354
872 972 320 1024 358
873 968 327 1020 365
874 965 334 1017 371
875 958 337 1010 378
876 951 340 1003 385
877 943 348 996 389
878 935 355 989 393
879 921 361 982 407
880 908 368 976 420
881 900 379 965 424
882 893 390 954 428
883 873 400 944 445
884 853 410 934 461
885 836 417 917 472
886 819 424 899 482
887 807 435 881 487
888 794 445 864 492
889 765 456 843 505
890 735 466 822 518
891 719 477 801 522
892 703 488 780 526
893 667 494 756 540
894 630 501 732 553
895 600 512 704 560
896 569 522 676 567
897 552 530 644 571
898 535 537 612 575
899 498 540 584 579
900 461 544 557 582
901 446 547 528 586
902 430 551 500 589
903 388 554 472 593
904 345 558 445 596
905 316 561 413 599
906 288 565 382 602
907 260 565 354 603
908 232 565 326 603
909 207 568 298 607
910 182 572 269 610
911 166 575 245 610
912 150 579 220 610
913 111 579 192 614
914 71 579 165 617
915 47 582 137 620
916 22 586 108 623
917 9 586 83 624
918 0 586 58 624
919 0 590 36 620
920 0 593 14 617
921 0 591 16 619
922 0 591 16 619
923 0 591 16 619
924 0 593 14 617
925 0 593 14 617
926 0 593 14 617
977 0 438 69 490
978 0 438 69 490
979 0 438 69 490
980 14 445 85 491
981 31 453 101 491
982 55 456 137 498
983 79 459 173 504
984 104 463 198 508
985 128 466 222 511
986 153 470 247 512
987 177 474 271 512
988 206 474 293 512
989 234 474 314 512
990 255 471 335 512
991 276 468 356 513
992 300 467 380 509
993 325 467 405 505
994 346 463 417 502
995 368 460 429 498
996 392 456 462 495
997 416 453 494 491
998 433 449 516 488
999 451 446 538 484
1000 472 442 550 481
1001 493 439 563 477
1002 514 435 589 474
1003 535 432 615 470
1004 552 428 632 467
1005 570 425 650 463
1006 587 422 667 460
1007 605 419 685 456
1008 622 418 699 456
1009 640 418 714 456
1010 658 414 732 453
1011 675 411 749 449
1012 689 408 763 446
1013 703 405 777 442
1014 721 404 785 442
1015 739 404 793 442
1016 753 404 817 439
1017 766 404 840 435
1018 784 404 854 435
1019 801 404 868 435
1020 815 404 882 435
1021 829 404 896 435
1022 843 404 910 435
1023 857 404 924 435
1024 875 404 938 439
1025 893 404 951 442
1026 907 407 965 442
1027 921 411 979 442
1028 935 411 993 445
1029 949 411 1007 448
1030 959 414 1022 448
1031 969 418 1036 449
1032 983 418 1050 452
1033 997 418 1064 455
1034 1012 421 1068 455
1035 1026 425 1073 456
1036 1040 425 1092 459
1037 1054 425 1112 462
1038 1068 428 1126 462
1039 1082 432 1140 463
1040 1092 432 1155 467
1041 1102 432 1169 470
1042 1116 435 1183 473
1043 1130 439 1197 476
1044 1145 442 1207 479
1045 1159 446 1217 483
1046 1169 449 1232 486
1047 1179 453 1246 490
1048 1194 456 1254 494
1049 1208 460 1262 498
1050 1222 463 1272 502
1051 1236 467 1279 505
1052 1251 474 1279 505
1053 1264 479 1279 507
1054 1264 479 1279 507
1055 1264 479 1279 507
1056 1264 479 1279 507
1057 1266 481 1279 505
1058 1266 481 1279 505
1112 1225 545 1279 582
1113 1225 545 1279 582
1114 1225 545 1279 582
1115 1213 544 1269 582
1116 1201 544 1255 582
1117 1175 537 1238 575
1118 1148 531 1221 568
1119 1131 524 1203 565
1120 1113 517 1186 562
1121 1099 513 1168 554
1122 1084 509 1151 547
1123 1067 502 1133 540
1124 1049 496 1116 533
1125 1032 489 1098 526
1126 1014 482 1081 519
1127 1000 475 1067 516
1128 986 468 1053 513
1129 975 464 1035 505
1130 963 460 1017 498
1131 943 453 1003 491
1132 923 447 990 484
1133 909 444 976 481
1134 895 440 962 477
1135 887 440 947 474
1136 879 439 933 470
1137 863 436 919 466
1138 847 432 905 463
1139 833 429 891 463
1140 819 426 877 463
1141 808 425 867 463
1142 798 425 856 463
1143 787 425 842 460
1144 776 425 828 456
1145 766 425 817 460
1146 756 425 807 463
1147 748 428 796 463
1148 741 432 786 463
1149 737 432 778 463
1150 733 432 771 463
1151 726 432 764 466
1152 719 432 757 469
1153 715 435 754 469
1154 708 436 754 473
1155 704 436 751 473
1156 705 439 743 470
1157 705 443 740 473
1158 705 446 736 477
1159 702 443 739 480
1160 702 443 739 480
1161 702 447 739 479
1162 705 453 736 477
1163 709 453 739 479
1164 714 453 741 482
1165 714 450 748 486
1166 716 450 751 487
1167 716 450 755 487
1168 719 453 756 484
1169 726 457 760 484
1170 733 460 764 484
1171 736 460 770 487
1172 740 460 777 491
1173 747 460 784 491
1174 754 460 791 491
1175 761 464 798 494
1176 768 467 805 498
1177 775 467 815 498
1178 782 467 825 498
1179 789 467 832 498
1180 795 467 840 498
1181 802 467 850 501
1182 809 467 860 504
1183 820 470 865 504
1184 831 474 869 505
1185 841 474 883 505
1186 851 474 896 505
1187 858 474 906 505
1188 865 474 916 505
1189 876 474 921 505
1190 887 474 925 505
1191 897 474 939 505
1192 907 474 952 505
1193 914 478 959 505
1194 921 481 966 505
1195 936 481 979 508
1196 950 481 991 512
1197 957 481 1000 512
1198 963 481 1008 512
1199 974 485 1019 512
1200 984 488 1029 512
1201 995 488 1036 512
1202 1006 488 1043 512
1203 1013 488 1051 512
1204 1020 488 1058 512
1205 1030 488 1068 515
1206 1041 488 1078 519
1207 1048 488 1085 519
1208 1055 488 1092 519
1209 1062 488 1100 519
1210 1069 488 1107 519
1211 1076 488 1116 519
1212 1083 488 1126 519
1213 1090 488 1130 519
1214 1097 488 1134 519
1215 1104 488 1141 515
1216 1111 488 1148 512
1217 1118 486 1155 512
1218 1125 483 1162 512
1219 1128 482 1169 512
1220 1131 481 1176 512
1221 1139 478 1180 508
1222 1142 473 1188 508
1223 1145 472 1192 508
1224 1149 471 1195 508
1225 1160 471 1201 501
1226 1166 469 1211 498
1227 1173 468 1218 498
1228 1180 467 1225 498
1229 1187 464 1232 494
1230 1194 462 1239 491
1231 1201 458 1246 491
1232 1208 454 1253 491
1233 1215 454 1260 488
1234 1222 453 1267 484
1235 1229 450 1274 480
1236 1236 446 1279 477
1237 1247 443 1279 473
1238 1258 439 1279 470
1239 1260 437 1279 469
1240 1264 437 1279 465
1241 1264 437 1279 465
1242 1264 437 1279 465
1243 1264 437 1279 465
1244 1264 437 1279 465
1245 1266 439 1279 463
1338 1225 453 1276 477
1339 1225 453 1276 477
1340 1225 453 1276 477
1341 1207 453 1258 477
1342 1190 453 1241 477
1343 1170 453 1223 477
1344 1149 453 1206 477
1345 1135 453 1188 480
1346 1120 453 1171 484
1347 1102 453 1153 484
1348 1085 453 1136 484
1349 1068 453 1118 484
1350 1051 453 1101 484
1351 1039 457 1087 484
1352 1026 460 1073 484
1353 1010 460 1055 484
1354 993 460 1038 484
1355 973 460 1016 486
1356 954 460 995 489
1357 935 460 985 490
1358 917 460 975 491
1359 899 460 958 491
1360 882 460 940 491
1361 868 460 922 491
1362 854 460 905 491
1363 836 460 891 494
1364 819 460 877 497
1365 811 460 863 494
1366 802 460 849 491
1367 783 460 835 491
1368 763 460 821 491
1369 752 460 807 491
1370 741 460 793 491
1371 733 460 779 491
1372 726 460 764 491
1373 709 460 754 491
1374 692 460 744 491
1375 681 460 733 491
1376 671 460 723 491
1377 664 460 712 491
1378 657 460 702 491
1379 646 460 691 491
1380 636 460 681 491
1381 629 460 674 491
1382 622 460 667 491
1383 618 460 659 491
1384 614 460 652 491
1385 610 460 645 491
1386 607 460 638 491
1387 604 460 634 494
1388 597 456 634 500
1389 598 460 630 501
1390 600 467 624 498
1391 600 471 627 501
1392 597 471 634 506
1393 597 471 637 507
1394 596 471 640 508
1395 603 478 640 508
1396 607 481 644 512
1397 614 481 651 512
1398 621 481 658 512
1399 624 485 665 515
1400 627 488 672 519
1401 638 488 683 522
1402 648 488 693 525
1403 659 491 707 525
1404 669 495 720 526
1405 680 495 725 526
1406 691 495 729 526
1407 701 495 749 526
1408 711 495 769 526
1409 725 495 783 530
1410 739 495 797 533
1411 753 498 814 533
1412 767 502 831 533
1413 784 498 849 533
1414 802 495 866 533
1415 816 495 881 533
1416 829 495 896 533
1417 847 495 913 530
1418 864 495 931 526
1419 882 495 942 526
1420 900 495 954 526
1421 917 495 980 526
1422 934 495 1007 526
1423 955 495 1024 526
1424 977 495 1041 526
1425 994 495 1050 522
1426 1012 495 1059 519
1427 1026 492 1082 519
1428 1039 488 1106 519
1429 1057 488 1123 519
1430 1074 488 1141 519
1431 1092 488 1155 519
1432 1110 488 1168 519
1433 1124 488 1182 519
1434 1138 488 1196 519
1435 1152 488 1210 519
1436 1166 488 1224 519
1437 1180 488 1235 519
1438 1194 488 1246 519
1439 1205 488 1254 519
1440 1215 488 1262 519
1441 1226 488 1271 522
1442 1237 488 1279 525
1443 1244 491 1279 525
1444 1251 495 1279 526
1445 1255 499 1279 529
1446 1256 499 1279 536
1447 1260 503 1279 535
1448 1264 507 1279 535
1449 1264 507 1279 535
1450 1266 509 1279 533
1451 1266 509 1279 541
1452 1266 509 1279 550
1453 1263 519 1279 555
1454 1260 530 1279 559
1455 1253 530 1279 564
1456 1245 530 1279 568
1457 1238 533 1279 572
1458 1231 537 1279 575
1459 1226 540 1275 579
1460 1222 544 1269 582
1461 1209 551 1258 589
1462 1196 558 1248 595
1463 1182 561 1238 599
1464 1169 565 1227 603
1465 1155 568 1213 607
1466 1141 572 1199 610
1467 1124 575 1185 614
1468 1107 579 1171 617
1469 1089 582 1158 621
1470 1071 586 1144 624
1471 1054 589 1126 624
1472 1036 593 1109 624
1473 1024 593 1091 624
1474 1012 593 1073 624
1475 982 593 1049 628
1476 952 593 1025 631
1477 928 593 1004 631
1478 903 593 983 631
1479 891 593 962 631
1480 879 593 940 631
1481 842 589 916 628
1482 806 586 892 624
1483 782 582 868 621
1484 757 579 843 617
1485 736 575 819 614
1486 714 572 794 610
1487 689 565 773 607
1488 665 559 752 604
1489 640 555 724 600
1490 616 552 696 597
1491 591 548 675 589
1492 567 544 654 582
1493 555 540 629 579
1494 543 537 604 575
1495 512 530 580 568
1496 482 523 556 561
1497 462 516 535 554
1498 441 510 514 547
1499 421 506 489 544
1500 400 502 464 540
1501 382 495 447 533
1502 365 489 429 526
1503 344 485 408 523
1504 323 481 387 519
1505 305 474 370 512
1506 288 468 352 505
1507 273 464 335 502
1508 259 460 317 498
1509 245 453 303 491
1510 231 447 289 484
1511 220 444 275 481
1512 209 440 261 477
1513 201 440 250 474
1514 193 439 240 470
1515 183 433 233 467
1516 174 426 226 463
1517 169 426 219 460
1518 165 425 212 456
1519 162 421 204 456
1520 155 414 201 460
1521 155 414 201 456
1522 155 415 201 452
1523 152 412 202 452
1524 153 412 198 449
1525 155 411 204 449
1526 153 407 216 453
1527 156 407 220 453
1528 160 407 224 453
1529 175 411 232 446
1530 186 411 244 442
1531 193 411 255 442
1532 199 411 266 442
1533 214 411 278 442
1534 228 411 289 442
1535 241 407 312 442
1536 255 404 335 442
1537 272 404 356 442
1538 290 404 377 442
1539 311 407 398 442
1540 332 411 419 442
1541 356 411 444 442
1542 381 411 468 442
1543 401 407 495 442
1544 422 404 522 442
1545 450 404 554 442
1546 478 404 585 442
1547 510 400 602 442
1548 542 396 619 443
1549 573 397 665 439
1550 604 397 711 435
1551 635 393 747 432
1552 666 390 782 428
1553 701 387 817 428
1554 736 384 852 429
1555 771 383 887 425
1556 806 383 922 421
1557 841 383 960 421
1558 876 383 999 421
1559 914 380 1037 418
1560 953 377 1075 414
1561 988 376 1110 414
1562 1023 376 1146 414
1563 1061 376 1185 414
1564 1100 376 1223 414
1565 1139 379 1252 414
1566 1178 383 1279 414
1567 1214 379 1279 414
1568 1251 376 1279 414
1569 1248 372 1279 418
1570 1248 372 1279 418
1571 1248 372 1279 418
1572 1251 376 1279 414
1573 1251 376 1279 414
1624 1170 482 1279 527
1625 1170 482 1279 527
1626 1170 482 1279 527
1627 1135 478 1250 523
1628 1100 473 1216 520
1629 1065 470 1181 516
1630 1030 466 1146 513
1631 999 467 1111 509
1632 968 467 1075 505
1633 933 463 1040 502
1634 898 460 1005 498
1635 877 460 973 498
1636 857 460 941 498
1637 807 460 907 498
1638 757 460 873 498
1639 726 460 838 498
1640 695 460 802 498
1641 674 460 767 498
1642 654 460 731 498
1643 604 460 697 498
1644 555 460 662 498
1645 520 463 627 501
1646 485 467 592 504
1647 453 467 557 505
1648 420 467 522 505
1649 386 467 491 505
1650 352 467 459 505
1651 320 464 428 502
1652 289 461 396 498
1653 254 460 361 498
1654 219 460 326 498
1655 198 456 291 495
1656 178 453 255 491
1657 132 450 224 491
1658 86 447 193 492
1659 54 443 155 488
1660 22 440 116 485
1661 9 436 83 481
1662 0 431 51 478
1663 0 435 33 474
1664 0 439 14 470
1665 0 436 16 473
1666 0 439 14 470
1667 0 399 50 472
1668 0 358 86 474
1669 0 358 86 474
1705 121 374 307 455
1706 121 374 307 455
1707 121 374 307 455
1708 162 382 354 467
1709 204 391 402 479
1710 245 399 450 490
1711 286 408 497 502
1712 328 416 545 514
1713 328 416 545 514
1716 591 496 840 603
1717 591 496 840 603
1718 591 496 840 603
1719 591 496 840 603
1722 877 579 1086 677
1723 877 579 1086 677
1724 877 579 1086 677
1725 913 591 1112 683
1726 949 603 1137 689
1727 985 614 1163 694
1728 1021 626 1189 700
1729 1064 641 1213 705
1730 1107 655 1237 709
1731 1146 662 1261 715
1732 1185 669 1279 719
1733 1225 680 1279 719
1734 1264 688 1279 719
1735 1264 688 1279 719
1736 1264 688 1279 719
1737 1264 688 1279 719
1738 1264 688 1279 719
1739 1266 691 1279 719
1777 1211 530 1279 568
1778 1211 530 1279 568
1779 1211 530 1279 568
1780 1190 530 1266 568
1781 1169 530 1249 568
1782 1148 530 1228 565
1783 1127 530 1207 561
1784 1106 530 1186 561
1785 1085 530 1165 561
1786 1064 526 1144 561
1787 1043 523 1123 561
1788 1022 523 1098 561
1789 1001 523 1074 561
1790 989 523 1052 561
1791 977 523 1031 561
1792 944 523 1011 561
1793 910 523 990 561
1794 889 523 969 561
1795 868 523 948 561
1796 856 523 927 561
1797 844 523 905 561
1798 814 523 881 561
1799 784 523 857 561
1800 763 523 836 561
1801 742 523 815 561
1802 718 523 794 561
1803 693 523 773 561
1804 672 523 752 561
1805 651 523 731 561
1806 630 523 710 561
1807 609 523 689 561
1808 588 523 668 561
1809 567 523 647 561
1810 559 523 626 561
1811 550 523 604 561
1812 520 520 587 558
1813 490 517 570 554
1814 476 516 549 554
1815 463 516 527 554
1816 445 513 510 551
1817 428 510 492 547
1818 410 510 475 544
1819 391 509 458 540
1820 374 506 440 540
1821 356 503 423 540
1822 342 502 405 540
1823 329 502 387 540
1824 315 502 373 537
1825 301 502 359 533
1826 290 498 345 533
1827 280 495 331 533
1828 269 495 320 533
1829 258 495 310 533
1830 253 495 303 530
1831 249 495 296 526
1832 246 495 288 526
1833 239 492 285 529
1834 235 492 282 529
1835 232 492 278 529
1836 231 491 282 533
1837 235 495 282 533
1838 239 495 288 533
1839 242 495 294 533
1840 245 495 305 537
1841 248 494 315 541
1842 259 498 325 543
1843 269 501 336 546
1844 287 505 347 547
1845 305 509 359 547
1846 322 516 392 557
1847 339 522 425 567
1848 363 526 453 574
1849 387 529 481 581
1850 433 540 563 603
1851 478 551 645 624
1852 478 551 645 624
1855 702 603 910 680
1856 702 603 910 680
1857 702 603 910 680
1858 702 603 910 680
1862 1028 664 1124 710
1863 1028 664 1124 710
1864 1028 664 1124 710
1865 1073 647 1164 713
1866 1117 629 1203 717
1867 1162 611 1242 719
1868 1206 593 1279 719
1869 1206 593 1279 719
1906 1190 566 1263 603
1907 1190 566 1263 603
1908 1190 566 1263 603
1909 1170 565 1238 603
1910 1149 565 1213 603
1911 1133 565 1192 600
1912 1117 565 1171 596
1913 1087 561 1150 596
1914 1057 558 1130 596
1915 1033 558 1105 593
1916 1008 558 1081 589
1917 984 558 1060 589
1918 961 558 1039 589
1919 939 555 1014 589
1920 917 552 990 589
1921 905 551 968 589
1922 893 551 947 589
1923 863 551 926 589
1924 833 551 906 589
1925 812 551 885 589
1926 791 551 864 589
1927 777 551 842 589
1928 763 551 821 589
1929 745 551 804 589
1930 728 551 786 589
1931 717 551 772 589
1932 707 551 758 589
1933 696 551 747 586
1934 685 551 737 582
1935 681 551 726 582
1936 677 551 715 582
1937 670 551 708 582
1938 663 551 701 582
1939 659 548 694 578
1940 653 541 690 578
1941 649 541 691 578
1942 645 541 691 578
1943 645 541 687 578
1944 646 541 683 578
1945 650 541 686 578
1946 653 541 690 578
1947 653 541 693 578
1948 652 541 696 578
1949 656 541 700 578
1950 659 541 703 578
1951 663 541 707 578
1952 670 544 707 575
1953 673 544 714 575
1954 676 544 721 575
1955 684 544 724 575
1956 691 544 728 575
1957 698 544 735 575
1958 705 544 742 575
1959 712 544 749 575
1960 719 544 756 575
1961 726 544 766 579
1962 732 544 777 582
1963 739 544 784 582
1964 746 544 791 582
1965 757 547 802 582
1966 767 551 812 582
1967 778 551 826 582
1968 788 551 839 582
1969 799 551 850 582
1970 809 551 860 582
1971 820 551 871 582
1972 830 551 882 582
1973 844 551 896 586
1974 858 551 909 589
1975 872 551 917 589
1976 887 551 925 589
1977 900 551 946 589
1978 914 551 966 589
1979 928 554 986 589
1980 942 558 1006 589
1981 959 558 1024 589
1982 977 558 1041 589
1983 994 558 1059 589
1984 1012 558 1076 589
1985 1029 558 1097 589
1986 1046 558 1119 589
1987 1067 558 1140 589
1988 1088 558 1161 589
1989 1110 558 1173 589
1990 1131 558 1185 589
1991 1151 558 1218 589
1992 1172 558 1250 589
1993 1182 552 1266 592
1994 1183 541 1279 600
1995 1179 539 1279 601
1996 1175 538 1279 602
1997 1175 538 1279 602
1998 1185 543 1279 597
1999 1185 543 1279 606
2000 1185 542 1279 615
2001 1185 542 1279 615
2071 1198 586 1262 617
2072 1198 586 1262 617
2073 1198 586 1262 617
2074 1177 583 1241 613
2075 1156 579 1220 610
2076 1131 579 1200 610
2077 1106 579 1179 610
2078 1086 576 1154 606
2079 1065 572 1129 603
2080 1044 569 1108 599
2081 1023 565 1087 596
2082 1002 562 1066 596
2083 981 559 1045 596
2084 957 556 1025 593
2085 933 552 1004 589
2086 911 549 983 586
2087 889 545 962 582
2088 872 545 941 579
2089 855 544 919 575
2090 834 541 898 571
2091 813 537 877 568
2092 792 534 856 568
2093 771 531 835 568
2094 753 531 818 565
2095 736 530 800 561
2096 718 527 779 557
2097 701 523 758 554
2098 687 519 740 554
2099 672 516 723 554
2100 658 516 709 551
2101 644 516 695 547
2102 630 513 681 543
2103 616 509 667 540
2104 606 509 653 540
2105 595 509 638 540
2106 588 506 628 536
2107 580 502 617 533
2108 576 502 610 533
2109 572 502 603 533
2110 569 502 596 529
2111 565 502 589 526
2112 563 503 585 522
2113 558 501 584 520
2114 557 501 584 520
2115 556 501 584 520
2116 556 501 584 523
2117 556 500 584 526
2118 556 496 588 528
2119 558 495 589 526
2120 562 499 592 526
2121 562 500 597 528
2122 566 500 598 528
2123 570 500 598 528
2124 574 504 597 527
2125 578 508 597 527
2126 588 511 612 528
2127 596 512 629 530
2128 601 513 636 531
2129 607 514 642 532
2130 612 515 648 533
2131 617 517 655 534
2132 624 517 665 536
2133 631 518 674 538
2134 639 517 684 541
2135 647 517 694 543
2136 655 517 704 544
2137 663 517 714 546
2138 674 519 724 546
2139 686 521 734 546
2140 697 523 744 546
2141 708 525 754 546
2142 719 527 760 546
2143 731 529 766 546
2144 743 529 785 546
2145 756 530 803 545
2146 769 530 816 544
2147 782 531 829 544
2148 792 530 837 544
2149 803 530 845 544
2150 811 530 855 544
2151 819 530 864 544
2152 833 530 878 543
2153 847 530 892 543
2154 860 529 906 543
2155 874 529 920 543
2156 887 528 934 543
2157 901 527 948 543
2158 916 526 963 542
2159 932 526 979 541
2160 949 525 994 539
2161 967 524 1009 537
2162 981 524 1025 537
2163 994 523 1040 536
2164 1008 523 1056 536
2165 1022 523 1073 536
2166 1039 523 1090 536
2167 1056 523 1108 536
2168 1073 520 1129 536
2169 1090 516 1150 536
2170 1107 514 1166 534
2171 1123 512 1182 532
2172 1140 511 1197 530
2173 1157 509 1213 528
2174 1174 507 1229 525
2175 1194 504 1246 524
2176 1214 502 1263 522
2177 1233 502 1273 521
2178 1252 503 1279 520
2179 1252 503 1279 520
2247 1213 467 1279 504
2248 1213 467 1279 504
2249 1213 467 1279 504
2250 1181 470 1263 507
2251 1149 474 1243 511
2252 1117 477 1211 514
2253 1086 481 1180 518
2254 1054 484 1148 521
2255 1023 488 1117 525
2256 991 491 1085 529
2257 960 495 1054 533
2258 925 498 1022 540
2259 891 501 991 546
2260 862 505 963 550
2261 833 508 935 553
2262 802 512 904 557
2263 770 515 872 560
2264 743 519 840 564
2265 715 522 809 567
2266 690 526 781 571
2267 665 529 752 574
2268 640 533 728 578
2269 616 536 703 581
2270 595 536 679 582
2271 574 536 654 583
2272 562 540 633 586
2273 550 543 611 590
2274 529 547 594 592
2275 509 550 577 595
2276 498 550 562 596
2277 488 550 548 597
2278 481 554 538 596
2279 469 554 532 600
2280 470 554 524 600
2281 470 554 516 600
2282 470 558 515 603
2283 470 561 514 605
2284 469 561 519 606
2285 473 565 520 603
2286 477 568 523 607
2287 480 572 527 610
2288 487 575 539 617
2289 494 578 552 623
2290 501 582 563 630
2291 507 585 574 637
2292 518 592 581 641
2293 529 599 589 644
2294 543 606 602 655
2295 557 613 615 665
2296 571 624 633 672
2297 584 634 651 679
2298 602 641 667 690
2299 620 648 684 700
2300 637 659 702 707
2301 655 669 719 714
2302 672 677 740 718
2303 689 684 762 719
2304 710 691 780 719
2305 731 699 798 719
2306 742 702 799 719
2307 749 704 804 719
2308 749 704 804 719
2309 753 706 800 719
2310 753 706 800 719
2311 738 705 1132 719
2312 738 705 1132 719
2321 1162 701 1232 719
2322 1162 701 1232 719
2323 1162 701 1232 719
2324 1183 698 1248 719
2325 1205 696 1264 719
2326 1223 692 1275 715
2327 1242 689 1279 711
2328 1242 689 1279 711
2377 1239 502 1279 533
2378 1239 502 1279 533
2379 1239 502 1279 533
2380 1231 502 1275 533
2381 1222 502 1269 533
2382 1203 502 1255 533
2383 1183 502 1241 533
2384 1169 502 1227 533
2385 1155 502 1213 533
2386 1141 502 1199 533
2387 1127 502 1185 533
2388 1113 502 1171 533
2389 1099 502 1157 533
2390 1085 502 1143 533
2391 1071 502 1129 533
2392 1057 502 1115 533
2393 1043 502 1101 533
2394 1035 502 1087 533
2395 1026 502 1073 533
2396 1007 499 1059 529
2397 987 495 1045 526
2398 973 495 1031 526
2399 959 495 1017 526
2400 948 492 1007 522
2401 938 488 996 519
2402 924 488 982 519
2403 910 488 968 519
2404 899 485 954 519
2405 888 482 940 519
2406 874 482 930 516
2407 861 481 919 512
2408 850 478 909 512
2409 840 475 898 512
2410 829 475 884 509
2411 818 474 870 505
2412 808 470 863 505
2413 798 467 856 505
2414 790 464 846 502
2415 783 461 835 498
2416 772 461 824 495
2417 762 460 814 491
2418 755 457 807 487
2419 748 453 800 484
2420 743 450 793 480
2421 739 446 786 477
2422 733 443 779 473
2423 727 439 772 470
2424 720 436 768 466
2425 713 432 765 463
2426 708 426 758 460
2427 704 419 751 456
2428 701 416 747 453
2429 697 412 744 449
2430 691 409 740 446
2431 685 405 737 442
2432 681 405 730 439
2433 678 404 723 435
2434 677 401 719 431
2435 677 397 715 428
2436 669 394 720 431
2437 665 394 720 431
2438 662 394 717 431
2439 659 394 713 431
2440 659 394 709 431
2441 659 394 705 431
2442 659 394 705 431
2443 659 394 705 431
2444 659 393 705 435
2445 659 393 705 439
2446 659 397 705 442
2447 659 400 705 444
2448 658 404 708 445
2449 658 408 712 445
2450 658 407 712 452
2451 662 410 709 455
2452 666 414 712 459
2453 669 417 716 462
2454 669 425 719 466
2455 669 432 721 470
2456 673 435 726 477
2457 676 438 730 483
2458 683 446 736 487
2459 690 453 742 491
2460 693 456 750 498
2461 697 459 757 504
2462 704 466 764 511
2463 711 473 771 518
2464 718 477 782 522
2465 724 480 792 525
2466 735 487 802 532
2467 745 494 812 539
2468 752 498 822 543
2469 759 501 833 546
2470 770 508 844 553
2471 780 515 854 560
2472 790 519 868 564
2473 801 522 882 567
2474 815 526 891 568
2475 829 530 899 568
2476 843 533 919 575
2477 857 536 938 581
2478 871 540 952 585
2479 885 543 966 588
2480 899 547 980 589
2481 913 551 994 589
2482 930 551 1011 593
2483 948 550 1028 597
2484 966 558 1043 599
2485 983 565 1057 602
2486 997 565 1074 603
2487 1011 565 1091 603
2488 1025 568 1100 607
2489 1039 572 1109 610
2490 1057 572 1128 610
2491 1074 572 1148 610
2492 1084 572 1162 613
2493 1095 571 1176 616
2494 1109 575 1187 617
2495 1123 579 1199 617
2496 1134 579 1208 617
2497 1144 579 1218 617
2498 1155 579 1226 617
2499 1165 579 1233 617
2500 1176 579 1237 617
2501 1182 575 1246 621
2502 1185 575 1250 621
2503 1189 575 1253 621
2504 1197 575 1252 621
2505 1209 579 1247 617
2506 1202 579 1251 621
2507 1195 578 1255 625
2508 1181 582 1249 627
2509 1166 585 1242 630
2510 1153 585 1235 631
2511 1139 585 1229 632
2512 1125 585 1215 635
2513 1111 585 1201 639
2514 1091 589 1187 642
2515 1071 592 1173 644
2516 1047 592 1156 648
2517 1023 592 1139 652
2518 1006 595 1121 655
2519 990 599 1104 659
2520 933 602 1095 666
2521 877 605 1087 673
2522 862 613 1053 675
2523 848 621 1018 678
2524 834 628 984 681
2525 819 636 949 684
2526 805 644 914 687
2527 770 652 887 696
2528 735 661 859 705
2529 700 670 831 714
2530 665 678 804 719
2531 665 678 804 719
2566 724 681 791 710
2567 724 681 791 710
2568 724 681 791 710
2569 740 675 805 704
2570 755 669 820 698
2571 772 666 837 693
2572 790 663 855 688
2573 808 652 871 685
2574 826 641 886 682
2575 842 634 901 682
2576 858 627 916 681
2577 871 627 940 677
2578 885 627 963 674
2579 892 624 976 670
2580 898 620 988 667
2581 927 624 1004 666
2582 956 628 1020 666
2583 973 624 1041 663
2584 990 621 1063 659
2585 1004 617 1080 656
2586 1018 614 1098 652
2587 1039 610 1115 649
2588 1060 607 1133 645
2589 1078 603 1151 642
2590 1095 600 1169 638
2591 1113 596 1187 635
2592 1130 593 1204 631
2593 1148 590 1225 628
2594 1165 587 1245 624
2595 1182 586 1262 624
2596 1200 586 1279 624
2597 1222 582 1279 621
2598 1244 579 1279 617
2599 1251 579 1279 614
2600 1256 576 1279 613
2601 1256 576 1279 613
2602 1259 579 1279 610
2603 1253 541 1279 612
2604 1247 503 1279 614
2605 1247 503 1279 614
2669 1218 488 1276 525
2670 1218 488 1276 525
2671 1218 488 1276 525
2672 1201 491 1259 528
2673 1184 495 1241 532
2674 1169 498 1227 532
2675 1155 502 1213 533
2676 1138 506 1196 536
2677 1121 509 1178 540
2678 1103 513 1164 543
2679 1086 516 1150 547
2680 1071 520 1133 550
2681 1057 523 1115 554
2682 1039 523 1098 558
2683 1022 523 1080 561
2684 1004 526 1063 564
2685 987 530 1045 567
2686 969 533 1028 567
2687 952 537 1010 568
2688 931 537 993 571
2689 911 537 975 574
2690 902 537 958 575
2691 893 537 940 575
2692 867 540 926 575
2693 840 544 913 575
2694 826 544 895 575
2695 811 544 878 575
2696 794 544 860 579
2697 776 544 843 582
2698 762 544 825 582
2699 749 544 807 582
2700 731 547 793 582
2701 713 551 780 582
2702 699 551 766 582
2703 685 551 752 582
2704 681 551 737 582
2705 676 551 723 582
2706 659 551 709 586
2707 643 551 695 589
2708 632 551 684 589
2709 622 551 674 589
2710 612 551 663 589
2711 602 551 653 589
2712 597 554 646 589
2713 592 558 639 589
2714 586 558 632 589
2715 575 555 629 592
2716 575 555 625 592
2717 575 555 621 592
2718 571 555 618 592
2719 568 555 614 592
2720 575 555 613 589
2721 575 549 619 593
2722 575 548 620 589
2723 579 551 617 582
2724 582 551 624 582
2725 581 548 635 585
2726 585 548 638 585
2727 592 551 637 582
2728 599 551 644 582
2729 606 551 651 582
2730 613 551 662 582
2731 620 551 672 582
2732 627 551 679 586
2733 634 551 686 589
2734 645 551 697 589
2735 655 551 707 589
2736 662 554 721 592
2737 668 558 735 595
2738 683 558 746 596
2739 697 558 757 596
2740 707 561 770 599
2741 717 565 784 602
2742 731 565 798 605
2743 745 564 812 609
2744 760 568 820 610
2745 774 572 828 610
2746 788 575 848 617
2747 801 578 868 623
2748 815 582 891 633
2749 829 585 913 642
2750 843 588 919 647
2751 857 592 924 652
2752 868 599 938 652
2753 878 606 952 653
2754 878 610 965 655
2755 877 613 979 658
2756 909 621 989 661
2757 942 628 1000 665
2758 952 635 1009 669
2759 963 642 1017 673
2760 977 645 1030 683
2761 991 648 1043 693
2762 998 655 1054 700
2763 1005 662 1065 707
2764 1015 669 1072 714
2765 1026 677 1078 719
2766 1033 684 1085 719
2767 1040 691 1092 719
2768 1051 699 1096 719
2769 1058 704 1104 719
2770 1058 704 1104 719
2771 1058 704 1104 719
2772 1058 704 1104 719
2773 1058 704 1104 719
2774 1062 706 1100 719
2797 365 678 495 719
2798 365 678 495 719
2799 365 678 495 719
2800 326 661 461 719
2801 287 644 426 717
2802 259 633 387 703
2803 231 622 348 689
2804 203 615 316 678
2805 175 607 284 667
2806 160 597 260 657
2807 145 588 235 646
2808 125 580 210 639
2809 105 572 185 632
2810 91 568 164 621
2811 76 564 143 611
2812 68 561 128 607
2813 60 557 114 604
2814 47 551 100 597
2815 34 545 86 590
2816 27 544 79 586
2817 20 544 72 582
2818 16 541 65 579
2819 8 535 62 579
2820 12 534 62 575
2821 19 537 57 568
2822 22 533 64 568
2823 25 530 70 568
2824 32 526 77 565
2825 39 523 84 561
2826 46 520 95 558
2827 53 517 105 554
2828 63 514 119 551
2829 74 510 132 547
2830 88 506 150 544
2831 101 502 168 540
2832 115 498 188 537
2833 129 495 209 533
2834 147 488 224 526
2835 164 482 238 519
2836 182 479 259 516
2837 199 475 279 512
2838 216 468 297 509
2839 234 461 315 506
2840 251 458 336 498
2841 269 454 356 491
2842 293 450 377 488
2843 318 446 398 484
2844 335 439 419 477
2845 353 433 440 470
2846 374 429 461 467
2847 395 425 481 463
2848 416 418 503 460
2849 437 412 524 457
2850 458 408 545 453
2851 479 405 565 450
2852 500 404 574 446
2853 522 404 583 442
2854 539 400 610 439
2855 556 397 637 435
2856 577 397 658 435
2857 598 397 678 435
2858 615 400 699 439
2859 633 404 720 442
2860 654 404 738 446
2861 675 403 755 450
2862 696 407 779 456
2863 717 410 803 462
2864 738 417 825 466
2865 759 424 846 469
2866 780 428 858 473
2867 801 431 871 478
2868 822 438 904 488
2869 842 445 938 497
2870 867 452 965 504
2871 891 459 993 511
2872 919 470 1017 522
2873 947 480 1041 532
2874 975 487 1072 539
2875 1003 494 1103 546
2876 1031 501 1135 553
2877 1059 508 1166 560
2878 1090 519 1201 571
2879 1121 529 1235 581
2880 1157 536 1259 586
2881 1192 543 1279 590
2882 1229 554 1279 589
2883 1264 563 1279 591
2884 1264 563 1279 591
2885 1264 563 1279 591
2886 1264 563 1279 591
2887 1266 565 1279 589
2888 1266 565 1279 589
2959 1213 404 1279 435
2960 1213 404 1279 435
2961 1213 404 1279 435
2962 1188 404 1266 439
2963 1163 404 1249 442
2964 1142 407 1225 445
2965 1120 411 1200 448
2966 1095 414 1179 448
2967 1071 418 1158 449
2968 1046 418 1134 453
2969 1022 418 1109 456
2970 998 421 1085 460
2971 974 425 1060 463
2972 953 428 1036 467
2973 931 432 1011 470
2974 915 435 990 474
2975 899 439 969 477
2976 867 442 945 484
2977 834 445 920 490
2978 812 449 899 494
2979 791 452 878 497
2980 770 456 854 501
2981 749 459 829 504
2982 728 463 808 505
2983 707 467 787 505
2984 686 470 766 509
2985 665 474 745 512
2986 647 474 728 516
2987 629 473 710 520
2988 611 477 689 519
2989 594 481 668 519
2990 576 484 650 519
2991 559 488 633 519
2992 541 488 615 519
2993 524 488 598 519
2994 510 488 584 519
2995 496 488 570 519
2996 485 484 552 519
2997 474 481 534 519
2998 461 481 520 519
2999 448 481 506 519
3000 440 477 496 516
3001 433 474 485 512
3002 415 471 475 509
3003 397 468 465 505
3004 387 465 454 502
3005 377 461 444 498
3006 370 458 433 495
3007 362 454 422 491
3008 352 451 412 491
3009 343 447 401 492
3010 335 446 398 488
3011 328 446 395 484
3012 324 446 387 481
3013 314 443 386 480
3014 314 443 382 480
3015 314 443 378 480
3016 316 446 369 480
3017 312 446 366 483
3018 309 446 362 486
3019 307 445 359 490
3020 306 449 362 494
3021 305 452 365 497
3022 305 456 369 501
3023 304 459 372 504
3024 308 463 379 508
3025 311 466 385 511
3026 318 470 393 512
3027 325 474 401 512
3028 339 474 408 516
3029 354 473 415 520
3030 367 477 441 519
3031 381 481 467 519
3032 398 481 491 519
3033 415 481 515 519
3034 436 478 540 523
3035 457 475 566 527
3036 481 474 590 527
3037 506 473 615 527
3038 534 473 643 527
3039 562 473 671 527
3040 589 473 703 527
3041 617 473 734 527
3042 645 477 766 530
3043 673 480 798 532
3044 704 480 832 536
3045 736 480 866 540
3046 767 483 898 540
3047 799 487 929 541
3048 830 491 962 544
3049 861 494 994 548
3050 897 501 1022 551
3051 932 508 1051 555
3052 964 508 1084 558
3053 995 508 1118 560
3054 1030 515 1146 564
3055 1066 522 1175 567
3056 1097 522 1206 568
3057 1129 522 1238 569
3058 1157 526 1259 572
3059 1185 529 1279 576
3060 1218 533 1279 575
3061 1248 533 1279 579
3062 1248 533 1279 579
3063 1248 533 1279 579
3064 1248 533 1279 579
3065 1251 537 1279 575
3066 1251 537 1279 575
3092 1225 460 1279 498
3093 1225 460 1279 498
3094 1225 460 1279 498
3095 1213 456 1272 495
3096 1201 453 1262 491
3097 1174 449 1245 488
3098 1147 446 1228 484
3099 1126 442 1211 481
3100 1106 439 1193 477
3101 1088 436 1172 474
3102 1071 433 1151 470
3103 1054 430 1134 467
3104 1036 426 1116 463
3105 1019 425 1099 463
3106 1001 425 1081 463
3107 987 422 1064 460
3108 972 419 1046 456
3109 960 418 1028 456
3110 949 418 1010 456
3111 929 418 997 456
3112 909 418 983 456
3113 895 415 969 456
3114 881 412 955 457
3115 867 411 941 453
3116 853 411 927 449
3117 843 411 913 453
3118 832 410 899 457
3119 821 410 888 457
3120 810 410 878 457
3121 800 410 867 457
3122 790 410 857 457
3123 783 410 846 457
3124 775 410 835 457
3125 768 414 828 456
3126 761 418 821 456
3127 754 418 814 456
3128 741 414 813 460
3129 737 414 810 460
3130 739 418 800 456
3131 735 418 793 456
3132 727 414 791 460
3133 723 414 788 460
3134 720 414 784 460
3135 716 414 781 460
3136 713 414 777 460
3137 709 411 778 461
3138 705 407 778 461
3139 708 408 769 453
3140 705 405 765 450
3141 701 398 765 446
3142 698 391 766 443
3143 697 381 762 436
3144 697 371 758 429
3145 697 354 758 419
3146 697 336 758 409
3147 693 315 758 391
3148 689 294 759 374
3149 693 278 758 349
3150 697 263 758 324
3151 694 216 762 297
3152 690 170 766 270
3153 690 135 766 239
3154 689 100 766 207
3155 686 59 766 169
3156 683 18 766 131
3157 679 7 766 98
3158 665 0 776 73
3159 665 0 776 73
3160 665 0 776 73
3161 665 0 776 73
3162 674 0 767 66
3163 674 0 767 66
3214 343 199 488 285
3215 343 199 488 285
3216 343 199 488 285
3217 386 220 512 298
3218 429 241 536 311
3219 466 262 593 338
3220 504 283 650 364
3221 542 304 689 382
3222 581 325 727 399
3223 616 343 759 416
3224 651 360 791 433
3225 686 374 823 447
3226 721 388 854 462
3227 757 402 882 476
3228 792 416 909 490
3229 820 430 934 504
3230 848 444 959 518
3231 873 458 980 532
3232 898 472 1001 546
