152 551 377 675 461
153 565 380 674 461
154 579 384 674 460
155 579 384 674 460
285 380 555 480 684
286 380 555 480 684
287 380 555 480 684
288 377 534 473 645
289 373 513 466 606
290 371 464 462 568
291 368 414 459 530
292 367 382 455 495
293 367 350 451 459
294 364 322 444 428
295 361 294 437 396
296 361 278 437 368
297 360 262 437 339
298 356 238 433 311
299 353 213 430 283
300 353 192 426 262
301 353 171 423 241
302 353 152 423 223
303 353 132 423 206
304 354 125 419 192
305 354 117 415 177
306 354 110 415 167
307 354 102 415 156
308 354 99 415 149
309 348 91 421 146
310 348 87 421 143
311 354 88 415 135
312 357 89 418 131
313 355 85 427 131
314 359 85 427 131
315 368 89 422 127
316 372 92 422 131
317 375 96 422 134
318 370 96 430 138
319 375 103 429 134
320 379 106 432 141
321 382 110 436 148
322 386 120 439 165
323 389 130 443 181
324 393 141 446 195
325 396 151 450 209
326 400 165 453 227
327 403 178 457 245
328 410 196 460 253
329 417 214 464 261
330 421 232 467 278
331 424 249 471 296
332 428 263 474 310
333 431 277 478 324
334 435 295 484 347
335 438 312 490 370
336 445 329 497 391
337 452 347 504 411
338 459 361 509 420
339 466 375 513 429
340 470 393 520 446
341 473 410 527 464
342 480 431 534 481
343 487 452 541 499
344 494 466 555 521
345 500 480 568 544
346 511 497 578 559
347 521 515 588 573
348 529 529 593 581
349 536 543 597 590
350 546 557 604 604
351 557 571 611 618
352 564 582 618 628
353 571 592 625 639
354 578 603 632 645
355 585 614 639 652
356 592 624 645 666
357 599 634 651 679
358 606 641 656 686
359 613 648 660 693
360 617 656 663 697
361 620 663 667 701
362 624 666 670 701
363 623 667 678 704
364 626 667 682 704
365 634 670 681 701
366 638 663 683 701
367 641 657 686 702
368 641 647 687 695
369 641 637 688 688
370 645 632 687 681
371 649 627 687 674
372 649 613 691 663
373 648 599 695 653
374 648 585 698 635
375 648 571 702 618
376 652 552 702 604
377 655 532 702 590
378 655 518 705 576
379 655 504 707 562
380 655 493 708 548
381 655 482 709 534
382 655 474 709 523
383 655 466 709 513
384 659 456 709 498
385 662 446 709 484
386 662 435 712 474
387 662 425 716 463
388 662 415 716 456
389 662 405 716 450
390 662 398 716 443
391 662 391 716 436
392 662 387 716 428
393 662 383 716 421
394 666 379 716 418
395 665 372 720 418
396 664 372 724 414
397 664 373 728 410
398 664 369 728 410
399 664 365 728 409
400 664 369 728 410
401 664 373 728 410
402 664 372 728 414
403 664 372 728 418
404 664 375 728 422
405 664 379 728 425
406 664 382 728 429
407 669 390 723 428
408 669 393 723 435
409 669 396 723 443
410 665 400 723 449
411 662 403 723 455
412 662 410 723 462
413 662 417 723 469
414 658 424 723 474
415 654 431 724 478
416 651 435 720 481
417 647 438 717 485
418 647 446 717 488
419 640 449 724 495
420 640 449 727 495
421 647 453 723 491
422 651 450 726 491
423 647 442 737 496
424 646 442 738 496
425 646 441 739 496
426 661 438 738 488
427 668 431 745 485
428 675 428 752 478
429 682 424 759 471
430 692 412 779 464
431 702 399 799 457
432 716 387 816 447
433 730 376 833 436
434 740 365 842 426
435 751 354 851 415
436 768 340 872 405
437 786 325 893 395
438 803 308 911 381
439 821 290 928 367
440 842 272 949 349
441 863 255 970 332
442 884 235 990 318
443 905 215 1009 305
444 922 198 1027 287
445 940 182 1044 269
446 958 173 1052 259
447 976 164 1060 248
448 986 150 1071 234
449 997 136 1081 220
450 1000 125 1081 206
451 1004 115 1081 192
452 1005 105 1081 181
453 1005 95 1081 171
454 991 95 1078 167
455 976 94 1075 164
456 972 95 1068 160
457 968 95 1061 156
458 961 95 1054 156
459 954 95 1047 156
460 944 102 1036 160
461 933 109 1026 163
462 920 112 1015 173
463 906 115 1005 183
464 900 126 991 197
465 893 136 976 210
466 883 147 966 221
467 872 157 955 231
468 864 171 948 239
469 857 186 941 247
470 850 200 931 261
471 843 214 920 275
472 832 228 909 289
473 822 242 899 303
474 809 259 889 327
475 797 276 878 350
476 789 290 868 364
477 781 304 857 378
478 774 322 846 386
479 766 340 836 394
480 756 354 829 414
481 746 367 822 434
482 736 382 811 444
483 725 396 801 454
484 719 406 790 466
485 712 417 780 477
486 704 428 769 481
487 697 438 758 485
488 687 445 751 495
489 677 452 745 504
490 670 459 734 508
491 663 466 723 511
492 656 470 716 515
493 649 473 709 518
494 642 477 702 519
495 635 481 695 519
496 631 481 688 519
497 627 481 681 519
498 621 481 674 519
499 609 479 672 523
500 606 478 669 523
501 602 477 665 523
502 602 477 661 519
503 602 478 657 515
504 602 474 657 516
505 602 470 657 516
506 602 470 657 512
507 602 471 657 508
508 610 471 655 501
509 609 464 663 501
510 609 460 663 502
511 609 456 664 502
512 620 460 666 495
513 627 460 672 491
514 631 456 679 491
515 634 453 686 491
516 641 453 691 488
517 648 453 695 484
518 655 449 705 484
519 662 446 714 484
520 673 442 722 481
521 683 439 730 477
522 694 436 742 474
523 704 433 755 470
524 715 433 766 467
525 725 432 777 463
526 736 428 785 463
527 746 425 793 463
528 757 422 809 460
529 767 419 825 456
530 781 419 833 453
531 795 418 842 449
532 809 414 861 449
533 823 411 881 449
534 837 411 895 446
535 851 411 909 442
536 865 411 923 442
537 879 411 937 442
538 893 411 951 442
539 907 411 965 442
540 921 411 977 442
541 935 411 989 442
542 952 411 1009 442
543 970 411 1028 442
544 984 411 1045 445
545 998 411 1062 448
546 1015 414 1077 448
547 1033 418 1091 449
548 1047 418 1108 449
549 1061 418 1125 449
550 1078 418 1134 453
551 1096 418 1143 456
552 1110 421 1162 456
553 1124 425 1182 456
554 1138 425 1196 456
555 1152 425 1210 456
556 1162 425 1221 459
557 1173 425 1231 462
558 1187 425 1242 463
559 1201 425 1252 463
560 1212 425 1257 460
561 1223 425 1261 456
562 1230 425 1271 456
563 1232 422 1279 459
564 1240 422 1279 459
565 1248 422 1279 459
566 1258 422 1279 452
567 1264 415 1279 452
568 1264 415 1279 452
569 1264 415 1279 452
570 1264 412 1279 448
571 1264 408 1279 445
572 1262 408 1279 438
573 1256 401 1279 438
574 1256 398 1279 434
575 1256 394 1279 431
576 1248 394 1278 424
577 1238 390 1275 421
578 1235 390 1272 417
579 1231 390 1268 414
580 1227 390 1261 414
581 1223 390 1254 414
582 1213 387 1243 414
583 1204 383 1233 414
584 1196 387 1226 414
585 1188 390 1219 414
586 1174 390 1212 417
587 1161 390 1206 421
588 1151 390 1195 424
589 1141 390 1184 427
590 1134 393 1177 427
591 1126 397 1171 428
592 1112 401 1160 431
593 1099 404 1150 433
594 1095 404 1135 434
595 1090 404 1121 435
596 1070 408 1111 438
597 1050 411 1101 442
598 1039 411 1090 445
599 1029 411 1080 448
600 1015 414 1066 448
601 1001 418 1052 449
602 990 422 1041 452
603 979 425 1031 454
604 971 425 1017 455
605 964 425 1002 456
606 947 429 988 459
607 930 432 975 463
608 919 432 968 463
609 909 432 961 463
610 898 436 947 466
611 888 439 933 470
612 878 439 926 470
613 868 439 919 470
614 863 439 908 470
615 859 439 897 470
616 849 439 890 470
617 839 439 884 470
618 832 439 877 470
619 825 439 870 470
620 822 439 862 470
621 815 436 859 473
622 811 436 855 473
623 808 436 852 473
624 807 436 848 473
625 807 436 844 473
626 810 443 837 466
627 808 445 836 464
628 808 445 836 464
629 808 445 836 464
630 814 443 840 466
631 814 436 849 473
632 814 436 850 473
633 814 436 851 473
634 818 436 854 473
635 821 436 858 473
636 825 436 861 473
637 831 439 862 470
638 835 443 865 470
639 838 446 869 470
640 841 446 875 473
641 845 446 882 477
642 852 446 889 477
643 859 446 896 477
644 859 443 904 480
645 862 443 908 480
646 873 446 914 477
647 879 446 924 477
648 887 450 928 477
649 894 453 932 477
650 904 453 942 477
651 915 453 952 477
652 922 453 962 477
653 928 453 973 477
654 939 453 982 479
655 950 453 991 482
656 960 453 999 483
657 971 453 1008 484
658 978 453 1016 484
659 985 453 1023 484
660 995 457 1040 487
661 1005 460 1056 491
662 1016 460 1067 491
663 1026 460 1077 491
664 1040 464 1087 494
665 1055 467 1098 496
666 1065 467 1112 497
667 1075 467 1126 498
668 1090 467 1130 498
669 1104 467 1135 498
670 1114 471 1155 501
671 1124 474 1175 505
672 1138 474 1186 505
673 1152 474 1197 505
674 1163 474 1211 505
675 1173 474 1224 505
676 1187 478 1235 508
677 1201 481 1246 512
678 1216 481 1254 512
679 1230 481 1261 512
680 1241 481 1271 512
681 1251 481 1279 512
682 1258 485 1279 512
683 1266 488 1279 512
684 1264 486 1279 514
685 1266 488 1279 512
686 1219 488 1279 512
687 1172 488 1279 512
688 1172 488 1279 512
689 1172 488 1279 512
724 1133 496 1148 511
725 1133 496 1148 511
726 1133 496 1148 511
727 1114 495 1145 518
728 1095 495 1143 524
729 1086 502 1125 528
730 1076 509 1107 533
731 1060 509 1093 536
732 1044 509 1079 540
733 1033 513 1065 543
734 1022 516 1051 545
735 1008 520 1040 549
736 995 523 1030 552
737 994 527 1023 553
738 992 530 1016 554
739 990 528 1018 556
740 990 528 1018 556
741 977 533 1002 556
742 962 535 988 558
743 948 537 974 561
744 933 540 960 563
745 918 542 946 565
746 900 542 935 570
747 899 542 931 570
748 899 542 927 570
749 900 546 923 569
750 900 550 919 569
751 897 550 915 569
752 893 550 912 569
753 893 550 912 569
754 893 550 912 569
755 893 543 957 568
756 890 534 1004 568
757 890 534 1004 568
758 890 534 1004 568
780 1013 530 1041 554
781 1013 530 1041 554
782 1013 530 1041 554
783 1020 530 1046 554
784 1027 530 1051 554
785 1034 530 1064 554
786 1041 530 1078 554
787 1051 530 1088 554
788 1062 530 1097 554
789 1076 530 1105 554
790 1091 530 1112 554
791 1097 530 1123 554
792 1104 530 1133 554
793 1115 530 1141 554
794 1125 530 1149 554
795 1136 530 1162 554
796 1146 530 1175 554
797 1157 530 1189 554
798 1167 530 1202 554
799 1177 530 1214 554
800 1188 530 1225 554
801 1202 530 1239 554
802 1216 530 1253 554
803 1230 530 1260 554
804 1244 530 1268 554
805 1251 530 1274 554
806 1256 528 1279 556
807 1256 528 1279 556
808 1256 528 1279 556
809 1250 522 1279 554
810 1241 513 1279 554
811 1241 513 1279 554
812 1241 513 1279 554
873 1216 509 1254 533
874 1216 509 1254 533
875 1216 509 1254 533
876 1186 503 1237 529
877 1156 497 1220 526
878 1135 493 1199 522
879 1114 490 1178 519
880 1096 486 1157 515
881 1079 483 1136 512
882 1054 478 1115 508
883 1030 474 1094 505
884 1021 471 1077 501
885 1012 467 1059 498
886 979 461 1038 495
887 945 454 1018 491
888 924 447 997 484
889 903 440 976 477
890 882 433 955 474
891 861 426 934 471
892 843 423 913 463
893 825 419 892 456
894 814 415 870 449
895 802 411 849 442
896 772 401 832 435
897 742 391 815 428
898 724 384 794 421
899 706 377 773 414
900 689 373 755 411
901 671 369 738 407
902 654 362 716 400
903 637 356 695 393
904 625 352 677 386
905 613 348 660 379
906 594 341 646 372
907 574 334 632 365
908 562 331 614 361
909 550 327 597 358
910 537 321 583 355
911 524 314 569 351
912 514 311 554 344
913 505 308 540 337
914 496 307 530 333
915 488 306 519 330
916 485 304 522 332
917 485 304 522 332
918 485 304 522 332
919 485 304 522 332
920 488 306 519 330
921 488 306 519 330
971 488 523 529 547
972 488 523 529 547
973 488 523 529 547
974 498 521 544 547
975 508 518 559 547
976 519 517 570 547
977 529 516 581 547
978 543 516 595 547
979 557 516 608 547
980 571 516 616 547
981 586 516 624 547
982 596 513 644 543
983 606 509 664 540
984 620 509 678 540
985 634 509 692 540
986 648 509 706 540
987 662 509 720 540
988 676 509 734 540
989 690 509 748 540
990 708 509 762 540
991 725 509 776 540
992 739 509 794 540
993 753 509 811 540
994 767 509 819 540
995 781 509 828 540
996 799 509 851 540
997 816 509 874 540
998 830 509 891 540
999 844 509 908 540
1000 861 505 917 540
1001 879 502 926 540
1002 897 502 946 537
1003 914 502 966 533
1004 932 502 986 533
1005 949 502 1006 533
1006 963 502 1024 533
1007 977 502 1041 533
1008 994 502 1059 533
1009 1012 502 1076 533
1010 1029 502 1094 533
1011 1047 502 1111 533
1012 1064 502 1129 533
1013 1081 502 1148 533
1014 1099 502 1159 533
1015 1117 502 1171 533
1016 1134 502 1194 533
1017 1151 502 1218 533
1018 1173 502 1238 533
1019 1194 502 1258 533
1020 1211 502 1269 533
1021 1229 502 1279 533
1022 1248 506 1279 533
1023 1266 509 1279 533
1024 1264 507 1279 535
1025 1264 507 1279 535
1026 1264 507 1279 535
1027 1266 509 1279 533
1028 1266 509 1279 533
1077 1211 551 1279 589
1078 1211 551 1279 589
1079 1211 551 1279 589
1080 1184 547 1266 586
1081 1156 544 1250 582
1082 1128 541 1222 582
1083 1100 538 1194 583
1084 1072 537 1169 579
1085 1043 537 1145 575
1086 1015 537 1117 575
1087 987 537 1089 575
1088 971 533 1057 572
1089 955 530 1025 568
1090 916 530 997 568
1091 876 530 970 568
1092 845 530 942 568
1093 814 530 914 568
1094 785 530 886 568
1095 756 530 858 568
1096 728 530 830 572
1097 700 529 802 576
1098 672 533 774 578
1099 644 536 746 581
1100 616 540 718 585
1101 588 543 690 588
1102 572 547 662 592
1103 556 550 633 597
1104 523 554 609 606
1105 489 557 585 615
1106 469 564 560 623
1107 448 571 535 631
1108 436 582 514 635
1109 423 592 493 639
1110 394 603 472 652
1111 364 613 451 665
1112 346 623 430 679
1113 329 634 409 692
1114 315 644 391 706
1115 300 655 374 719
1116 289 669 360 719
1117 278 684 346 719
1118 285 695 331 719
1119 290 704 318 719
1120 290 704 318 719
1121 290 704 318 719
1122 290 704 318 719
1123 290 704 318 719
1124 299 702 327 719
1125 305 698 339 719
1126 311 695 351 719
1127 317 691 363 719
1128 323 687 375 719
1129 329 683 387 719
1130 335 680 398 719
1131 341 676 410 719
1132 347 672 422 719
1133 353 668 434 719
1134 360 665 446 719
1135 377 653 463 709
1136 395 641 479 695
1137 419 607 516 678
1138 442 574 553 661
1139 467 556 578 637
1140 491 538 602 612
1141 516 524 626 594
1142 541 510 650 577
1143 565 499 671 562
1144 590 488 693 548
1145 614 478 717 538
1146 639 467 742 527
1147 660 463 763 520
1148 681 459 784 513
1149 706 456 796 506
1150 731 452 808 499
1151 752 446 838 495
1152 772 440 868 492
1153 793 436 889 488
1154 814 433 910 485
1155 832 429 928 481
1156 849 426 946 478
1157 870 425 963 474
1158 891 424 981 471
1159 909 421 998 467
1160 926 417 1016 464
1161 944 417 1030 464
1162 962 417 1043 464
1163 979 417 1057 464
1164 997 417 1071 464
1165 1008 417 1082 464
1166 1018 417 1094 464
1167 1032 421 1104 466
1168 1046 424 1114 469
1169 1057 428 1122 470
1170 1068 432 1129 470
1171 1078 435 1139 477
1172 1089 438 1149 483
1173 1092 442 1152 487
1174 1096 445 1156 490
1175 1103 453 1159 494
1176 1110 460 1162 498
1177 1110 463 1163 505
1178 1110 466 1164 511
1179 1105 466 1169 519
1180 1112 473 1164 518
1181 1108 477 1160 519
1182 1105 481 1157 519
1183 1100 484 1153 523
1184 1096 488 1150 526
1185 1086 491 1143 526
1186 1076 495 1136 526
1187 1066 495 1126 526
1188 1057 495 1115 526
1189 1048 495 1105 526
1190 1040 495 1094 526
1191 1024 491 1084 526
1192 1007 488 1074 526
1193 990 488 1060 523
1194 972 488 1046 519
1195 958 484 1028 519
1196 944 481 1011 519
1197 927 477 997 516
1198 909 474 983 512
1199 895 470 965 509
1200 881 467 948 505
1201 867 463 934 502
1202 853 460 920 498
1203 849 460 905 495
1204 844 460 891 491
1205 827 454 877 488
1206 811 447 863 484
1207 801 447 852 481
1208 791 446 842 477
1209 783 442 835 477
1210 776 439 828 477
1211 772 439 817 474
1212 768 439 806 470
1213 761 439 803 470
1214 755 439 800 470
1215 751 439 796 473
1216 748 439 793 476
1217 747 442 789 476
1218 747 446 785 477
1219 740 443 785 480
1220 738 443 782 480
1221 737 447 782 483
1222 736 450 782 487
1223 740 450 782 487
1224 744 450 781 487
1225 747 457 781 487
1226 743 457 787 494
1227 743 461 788 497
1228 747 467 785 498
1229 750 471 789 501
1230 754 474 792 505
1231 757 478 795 508
1232 761 481 798 512
1233 764 484 801 518
1234 768 488 805 525
1235 771 491 809 528
1236 775 495 813 532
1237 778 498 820 536
1238 781 502 826 540
1239 788 509 833 544
1240 795 516 840 547
1241 802 519 847 553
1242 809 523 854 560
1243 817 526 855 560
1244 824 530 855 561
1245 831 534 869 564
1246 837 537 882 568
1247 844 537 889 571
1248 851 537 896 574
1249 858 540 906 574
1250 865 544 916 575
1251 876 544 927 575
1252 886 544 937 575
1253 897 544 948 575
1254 907 544 958 575
1255 918 544 969 575
1256 928 544 979 575
1257 942 544 987 575
1258 957 544 995 575
1259 967 541 1015 571
1260 977 537 1035 568
1261 991 534 1049 568
1262 1005 531 1063 568
1263 1019 531 1071 565
1264 1033 530 1080 561
1265 1047 527 1099 557
1266 1061 525 1119 554
1267 1075 524 1133 554
1268 1089 523 1147 554
1269 1103 523 1161 554
1270 1117 523 1175 554
1271 1131 520 1189 550
1272 1145 516 1203 547
1273 1163 516 1217 547
1274 1180 516 1231 547
1275 1191 516 1245 547
1276 1201 516 1259 547
1277 1215 516 1267 547
1278 1229 516 1276 547
1279 1244 516 1278 547
1280 1259 516 1279 547
1281 1262 520 1279 543
1282 1264 522 1279 541
1283 1264 522 1279 541
1284 1264 522 1279 541
1285 1264 522 1279 541
1286 1264 522 1279 541
1287 1263 522 1279 541
1288 1262 521 1279 542
1289 1261 521 1279 542
1290 1260 520 1279 543
1291 1259 520 1279 543
1292 1258 520 1279 543
1293 1257 519 1279 544
1294 1256 519 1279 544
1295 1255 519 1279 544
1296 1254 518 1279 545
1297 1253 518 1279 545
1298 1252 518 1279 545
1299 1251 517 1279 546
1300 1250 517 1279 546
1301 1249 516 1279 547
1302 1248 516 1279 547
1303 1247 516 1279 547
1304 1246 515 1279 548
1305 1245 515 1279 548
1306 1244 515 1279 548
1307 1243 514 1279 549
1308 1242 514 1279 549
1309 1241 513 1279 550
1310 1244 516 1279 547
1311 1237 513 1275 543
1312 1230 509 1268 540
1313 1210 506 1255 536
1314 1190 504 1241 533
1315 1173 500 1227 529
1316 1156 497 1213 526
1317 1147 492 1199 522
1318 1138 488 1185 519
1319 1115 482 1167 516
1320 1092 475 1150 512
1321 1074 468 1133 505
1322 1057 461 1115 498
1323 1039 458 1098 495
1324 1022 454 1080 491
1325 1004 447 1063 484
1326 987 440 1045 477
1327 970 436 1028 474
1328 953 432 1010 470
1329 935 425 993 463
1330 917 419 975 456
1331 909 415 961 453
1332 900 411 947 449
1333 881 407 929 446
1334 861 404 912 442
1335 847 400 898 439
1336 833 397 884 435
1337 819 394 870 432
1338 805 391 856 428
1339 794 391 845 425
1340 784 390 835 421
1341 773 390 824 421
1342 763 390 814 421
1343 755 386 803 421
1344 748 383 793 421
1345 741 383 782 418
1346 734 383 771 414
1347 727 383 764 414
1348 717 380 761 417
1349 712 380 757 417
1350 712 383 750 414
1351 708 387 743 417
1352 705 390 736 421
1353 702 390 732 424
1354 695 386 732 430
1355 695 390 732 431
1356 698 397 729 428
1357 695 401 725 431
1358 688 401 725 438
1359 688 405 725 441
1360 688 408 725 445
1361 691 414 725 448
1362 691 418 728 455
1363 694 421 728 458
1364 695 421 732 465
1365 694 425 736 466
1366 694 429 740 466
1367 705 436 740 466
1368 712 439 743 470
1369 715 439 749 470
1370 719 439 756 470
1371 722 443 760 473
1372 726 446 764 477
1373 733 446 774 477
1374 739 446 784 477
1375 746 446 791 477
1376 753 446 798 477
1377 760 446 805 477
1378 767 446 812 477
1379 774 446 819 477
1380 781 446 826 477
1381 792 446 836 477
1382 803 446 846 477
1383 810 446 853 480
1384 816 446 861 483
1385 827 449 865 483
1386 838 453 869 484
1387 845 453 883 484
1388 851 453 896 484
1389 862 453 907 484
1390 872 453 917 484
1391 883 457 928 487
1392 893 460 938 489
1393 904 460 948 490
1394 915 460 958 491
1395 925 460 966 491
1396 936 460 974 491
1397 950 460 990 491
1398 964 460 1007 491
1399 970 460 1017 491
1400 977 460 1028 491
1401 991 460 1042 491
1402 1005 460 1056 491
1403 1016 460 1067 491
1404 1026 460 1078 491
1405 1040 460 1086 491
1406 1055 460 1093 491
1407 1065 460 1110 491
1408 1075 460 1127 491
1409 1089 460 1141 487
1410 1103 460 1154 484
1411 1117 457 1168 484
1412 1131 453 1182 484
1413 1142 453 1193 484
1414 1152 453 1204 484
1415 1166 453 1218 484
1416 1180 453 1231 484
1417 1191 450 1242 480
1418 1201 446 1252 477
1419 1212 446 1260 477
1420 1222 446 1269 477
1421 1237 443 1275 473
1422 1248 436 1279 473
1423 1252 436 1279 473
1424 1256 436 1279 473
1425 1256 436 1279 473
1426 1256 436 1279 473
1427 1256 436 1279 474
1428 1256 436 1279 474
1429 1256 437 1279 475
1430 1256 438 1279 477
1431 1255 439 1279 478
1432 1255 441 1279 479
1433 1255 442 1279 480
1434 1254 443 1279 481
1435 1254 444 1279 483
1436 1254 446 1279 484
1437 1254 447 1279 485
1438 1253 448 1279 486
1439 1253 449 1279 487
1440 1253 450 1279 489
1441 1252 452 1279 490
1442 1252 453 1279 491
1443 1252 454 1279 492
1444 1252 455 1279 493
1445 1251 456 1279 495
1446 1251 458 1279 496
1447 1251 459 1279 497
1448 1250 460 1279 498
1449 1250 461 1279 499
1450 1250 462 1279 501
1451 1250 464 1279 502
1452 1249 465 1279 503
1453 1249 466 1279 504
1454 1249 467 1279 505
1455 1249 468 1279 507
1456 1251 473 1279 505
1457 1238 473 1279 508
1458 1225 474 1279 512
1459 1217 477 1268 512
1460 1208 481 1255 512
1461 1182 481 1238 512
1462 1156 481 1220 512
1463 1138 481 1207 512
1464 1120 481 1193 512
1465 1099 481 1172 512
1466 1078 481 1151 512
1467 1057 478 1133 512
1468 1036 475 1116 512
1469 1019 472 1095 509
1470 1001 468 1074 505
1471 977 465 1053 502
1472 954 461 1032 498
1473 941 457 1011 491
1474 928 453 989 484
1475 898 447 969 481
1476 868 440 948 477
1477 847 436 927 474
1478 826 432 906 470
1479 814 428 885 463
1480 802 425 863 456
1481 776 419 843 453
1482 749 412 822 449
1483 731 412 801 446
1484 713 411 780 442
1485 693 408 762 438
1486 672 404 745 435
1487 658 404 727 435
1488 643 404 710 435
1489 626 400 692 435
1490 608 397 675 435
1491 594 397 661 435
1492 580 397 647 435
1493 572 400 632 435
1494 564 404 618 435
1495 547 404 604 439
1496 530 404 590 442
1497 520 407 580 446
1498 511 411 569 449
1499 503 414 559 453
1500 496 418 548 456
1501 489 421 541 460
1502 482 425 534 463
1503 478 428 527 467
1504 475 432 520 470
1505 471 435 516 474
1506 468 439 513 477
1507 467 442 509 480
1508 467 446 505 483
1509 463 446 509 487
1510 463 450 509 487
1511 462 450 513 490
1512 462 449 517 493
1513 465 449 521 494
1514 469 449 524 495
1515 480 453 529 491
1516 487 453 538 491
1517 494 456 546 494
1518 501 460 553 497
1519 508 460 564 498
1520 515 460 575 498
1521 525 460 588 498
1522 535 460 602 498
1523 549 460 616 498
1524 563 460 630 498
1525 577 460 644 498
1526 591 460 658 498
1527 602 460 666 498
1528 613 460 674 498
1529 630 456 701 498
1530 647 452 727 499
1531 661 452 742 499
1532 675 452 756 499
1533 693 453 768 495
1534 710 453 780 491
1535 728 449 802 491
1536 745 445 825 492
1537 759 443 840 488
1538 773 440 854 485
1539 790 439 868 481
1540 808 439 882 477
1541 822 435 896 477
1542 836 431 910 478
1543 850 429 924 474
1544 864 426 938 471
1545 878 422 948 467
1546 892 419 959 464
1547 903 418 963 460
1548 914 418 968 456
1549 921 411 974 453
1550 928 405 980 450
1551 932 401 985 446
1552 935 398 989 443
1553 939 394 989 439
1554 938 386 993 440
1555 938 383 993 436
1556 938 379 993 433
1557 940 380 985 425
1558 932 372 986 426
1559 928 372 987 422
1560 930 376 982 414
1561 923 372 975 411
1562 916 369 968 407
1563 912 369 961 404
1564 909 369 954 400
1565 902 369 947 400
1566 895 369 940 400
1567 891 369 932 404
1568 887 369 925 407
1569 873 372 919 410
1570 860 376 912 413
1571 853 376 905 414
1572 846 376 898 414
1573 835 379 887 418
1574 825 383 877 421
1575 815 386 870 424
1576 805 390 863 427
1577 797 393 853 430
1578 790 397 842 434
1579 783 400 835 437
1580 776 404 828 441
1581 768 407 817 441
1582 760 411 807 442
1583 750 414 800 449
1584 741 418 793 456
1585 736 421 786 459
1586 732 425 779 462
1587 729 428 771 462
1588 726 432 764 463
1589 719 435 761 469
1590 713 439 758 476
1591 712 442 754 476
1592 712 446 750 477
1593 712 450 747 480
1594 709 450 746 487
1595 709 450 746 487
1596 709 450 746 487
1597 716 457 746 487
1598 716 457 753 492
1599 716 457 756 493
1600 715 457 759 494
1601 719 457 760 494
1602 723 457 760 494
1603 729 460 764 491
1604 733 460 771 491
1605 740 460 778 491
1606 747 460 784 491
1607 750 460 791 491
1608 753 460 798 491
1609 761 460 801 491
1610 768 460 805 491
1611 775 464 812 491
1612 782 467 819 491
1613 785 467 826 493
1614 788 467 833 496
1615 795 467 840 497
1616 802 467 847 498
1617 809 467 854 498
1618 816 467 861 498
1619 823 467 868 498
1620 830 467 875 498
1621 838 471 876 501
1622 845 474 876 505
1623 852 474 886 508
1624 859 474 896 511
1625 866 477 903 511
1626 873 481 910 512
1627 880 485 917 515
1628 887 488 924 519
1629 894 492 931 522
1630 901 495 938 526
1631 908 499 948 529
1632 914 502 959 533
1633 922 506 963 536
1634 929 509 967 540
1635 936 509 967 536
1636 943 509 967 533
1637 954 513 984 543
1638 964 516 1001 553
1639 967 519 1008 553
1640 970 523 1015 554
1641 978 527 1019 554
1642 985 530 1023 554
1643 992 530 1033 557
1644 998 530 1043 561
1645 1005 530 1050 561
1646 1012 530 1057 561
1647 1019 530 1064 561
1648 1026 530 1071 561
1649 1037 530 1078 561
1650 1048 530 1085 561
1651 1051 530 1092 561
1652 1054 530 1099 561
1653 1061 530 1106 561
1654 1068 530 1113 561
1655 1076 530 1117 561
1656 1083 530 1121 561
1657 1090 530 1131 561
1658 1096 530 1141 561
1659 1104 530 1144 561
1660 1111 530 1148 561
1661 1114 530 1155 561
1662 1117 530 1162 561
1663 1125 530 1166 557
1664 1132 530 1170 554
1665 1139 527 1177 554
1666 1142 520 1186 557
1667 1146 520 1190 557
1668 1149 520 1193 557
1669 1153 521 1194 553
1670 1157 521 1194 549
1671 1156 521 1198 549
1672 1156 521 1202 549
1673 1156 518 1198 549
1674 1157 515 1194 550
1675 1157 514 1194 550
1676 1157 513 1194 550
1677 1153 513 1195 550
1678 1149 513 1195 550
1679 1145 513 1192 550
1680 1146 516 1184 547
1681 1139 516 1181 547
1682 1133 516 1178 547
1683 1126 516 1171 547
1684 1119 516 1164 547
1685 1108 516 1157 547
1686 1098 516 1150 547
1687 1087 516 1139 547
1688 1077 516 1129 547
1689 1069 516 1118 551
1690 1061 516 1108 554
1691 1042 519 1094 554
1692 1022 523 1080 554
1693 1001 520 1066 554
1694 980 517 1053 554
1695 972 516 1035 554
1696 963 516 1017 554
1697 933 512 1000 551
1698 903 509 983 547
1699 878 505 962 544
1700 854 502 941 540
1701 830 495 921 537
1702 806 489 900 534
1703 781 485 875 530
1704 757 482 851 527
1705 732 478 826 519
1706 708 474 802 512
1707 683 470 777 509
1708 657 467 753 505
1709 642 463 724 502
1710 626 460 696 498
1711 587 456 668 495
1712 547 453 641 491
1713 523 450 613 488
1714 498 447 584 484
1715 486 447 556 481
1716 473 446 527 477
1717 434 446 503 477
1718 395 446 479 477
1719 366 446 451 477
1720 337 446 423 477
1721 312 446 399 481
1722 287 446 374 484
1723 262 449 350 487
1724 238 453 325 490
1725 217 453 301 491
1726 196 453 276 491
1727 175 456 255 494
1728 154 460 234 497
1729 145 463 216 497
1730 137 467 198 498
1731 116 467 181 501
1732 96 467 164 504
1733 83 467 150 505
1734 69 467 136 505
1735 62 467 125 505
1736 54 467 114 505
1737 47 470 107 505
1738 40 474 100 505
1739 40 470 93 505
1740 35 463 90 509
1741 32 463 91 509
1742 34 467 86 505
1743 36 464 89 502
1744 39 461 93 498
1745 42 460 99 498
1746 46 460 106 498
1747 53 460 109 495
1748 60 460 112 491
1749 67 456 120 491
1750 74 453 128 491
1751 84 453 144 491
1752 94 453 161 491
1753 108 449 175 488
1754 122 446 189 484
1755 140 443 206 481
1756 157 440 224 477
1757 175 439 241 477
1758 192 439 259 477
1759 210 439 282 477
1760 227 439 305 477
1761 248 439 327 480
1762 269 438 349 483
1763 290 442 361 484
1764 312 446 373 484
1765 332 449 407 488
1766 353 453 440 491
1767 377 453 468 494
1768 401 452 495 497
1769 423 456 508 498
1770 444 460 521 498
1771 468 463 554 502
1772 492 467 588 505
1773 513 467 609 509
1774 534 466 630 513
1775 555 470 648 515
1776 576 473 666 518
1777 598 477 683 519
1778 619 481 700 519
1779 636 484 718 523
1780 654 488 735 526
1781 671 488 749 529
1782 689 487 763 532
1783 703 491 771 533
1784 718 495 779 533
1785 728 495 793 533
1786 738 495 806 533
1787 749 495 813 533
1788 760 495 820 533
1789 767 498 824 533
1790 769 499 833 536
1791 772 499 837 536
1792 776 499 840 536
1793 780 495 840 537
1794 784 491 839 537
1795 788 491 839 537
1796 792 491 838 537
1797 789 491 839 533
1798 785 492 839 529
1799 785 492 839 529
1800 784 492 839 529
1801 784 492 835 529
1802 785 492 831 529
1803 781 492 832 529
1804 777 492 832 529
1805 777 492 828 532
1806 778 493 824 535
1807 777 496 827 536
1808 777 499 831 536
1809 777 499 831 536
1810 781 502 828 533
1811 785 506 827 536
1812 789 509 827 540
1813 784 506 834 543
1814 788 509 833 540
1815 792 513 837 543
1816 791 513 845 550
1817 799 513 844 550
1818 807 513 844 550
1819 813 516 847 550
1820 817 516 854 553
1821 820 519 861 553
1822 823 523 868 554
1823 831 523 872 554
1824 838 523 876 554
1825 841 527 883 557
1826 844 530 889 561
1827 851 530 896 564
1828 858 530 903 567
1829 865 533 910 570
1830 872 537 917 574
1831 879 540 924 574
1832 886 544 931 575
1833 893 544 941 578
1834 900 544 951 581
1835 911 547 959 581
1836 917 548 971 585
1837 925 548 970 585
1838 933 548 970 585
1839 946 551 984 582
1840 956 551 1001 582
1841 963 551 1012 582
1842 970 551 1022 582
1843 981 548 1029 578
1844 991 546 1036 575
1845 1002 545 1047 575
1846 1012 544 1057 575
1847 1019 544 1067 575
1848 1026 544 1077 575
1849 1037 544 1085 575
1850 1047 544 1092 575
1851 1054 544 1102 575
1852 1061 544 1112 575
1853 1072 541 1120 571
1854 1082 537 1127 568
1855 1089 537 1134 568
1856 1096 537 1141 568
1857 1104 537 1145 568
1858 1111 537 1149 568
1859 1121 537 1163 568
1860 1131 537 1176 568
1861 1138 541 1183 568
1862 1145 544 1190 568
1863 1153 544 1194 568
1864 1160 544 1198 568
1865 1167 544 1205 571
1866 1174 544 1211 575
1867 1181 544 1215 575
1868 1185 541 1222 578
1869 1189 541 1225 578
1870 1195 544 1226 575
1871 1199 548 1229 575
1872 1202 551 1233 575
1873 1198 549 1240 580
1874 1198 548 1244 583
1875 1198 548 1244 584
1876 1198 548 1244 585
1877 1198 552 1244 584
1878 1198 556 1244 584
1879 1198 556 1240 588
1880 1199 555 1236 592
1881 1195 559 1237 591
1882 1195 565 1233 589
1883 1191 565 1230 592
1884 1188 565 1226 596
1885 1181 569 1223 599
1886 1175 572 1220 603
1887 1172 576 1212 606
1888 1168 579 1205 608
1889 1161 579 1202 612
1890 1154 579 1199 616
1891 1150 582 1191 616
1892 1146 586 1184 617
1893 1136 586 1177 617
1894 1126 586 1171 617
1895 1115 586 1160 617
1896 1105 586 1150 617
1897 1094 586 1143 617
1898 1084 586 1136 617
1899 1073 586 1125 617
1900 1063 586 1115 617
1901 1049 583 1105 613
1902 1036 579 1094 610
1903 1025 576 1084 610
1904 1015 573 1073 610
1905 1001 573 1059 607
1906 987 572 1045 603
1907 975 569 1035 599
1908 964 565 1024 596
1909 951 562 1010 596
1910 938 559 996 596
1911 930 559 982 593
1912 921 558 968 589
1913 901 555 958 585
1914 881 551 948 582
1915 867 547 934 582
1916 853 544 920 582
1917 843 541 905 579
1918 833 538 891 575
1919 819 538 877 572
1920 805 537 863 568
1921 796 533 853 568
1922 788 530 842 568
1923 772 527 828 565
1924 756 524 814 561
1925 742 521 800 558
1926 728 517 786 554
1927 717 514 776 551
1928 707 510 765 547
1929 696 507 755 544
1930 686 503 744 540
1931 675 499 734 533
1932 665 495 723 526
1933 654 492 713 522
1934 644 488 702 519
1935 639 485 691 515
1936 634 481 681 512
1937 621 475 670 509
1938 608 468 660 505
1939 601 464 653 502
1940 594 460 646 498
1941 587 456 639 491
1942 580 453 632 484
1943 573 450 621 480
1944 566 446 611 477
1945 559 443 604 473
1946 552 439 597 470
1947 545 439 593 470
1948 538 439 590 470
1949 533 439 583 470
1950 529 439 576 470
1951 523 439 569 470
1952 517 439 562 470
1953 513 439 558 473
1954 510 439 555 476
1955 503 442 551 479
1956 496 446 548 483
1957 492 449 544 486
1958 489 453 541 490
1959 485 456 537 497
1960 482 459 534 504
1961 481 467 530 507
1962 480 474 527 511
1963 478 477 523 518
1964 475 480 520 525
1965 474 488 520 529
1966 473 495 520 533
1967 477 498 522 540
1968 480 501 525 546
1969 480 509 526 550
1970 480 516 527 554
1971 480 519 530 561
1972 480 522 534 567
1973 483 530 540 570
1974 487 537 547 574
1975 494 540 551 578
1976 501 544 555 582
1977 508 551 565 589
1978 515 558 575 596
1979 522 561 582 603
1980 529 564 589 609
1981 536 571 600 616
1982 542 578 610 623
1983 553 586 621 627
1984 563 593 631 631
1985 574 596 645 638
1986 584 599 658 644
1987 598 607 672 647
1988 612 614 686 651
1989 626 617 694 655
1990 641 621 702 659
1991 658 624 729 666
1992 675 627 755 672
1993 696 635 772 675
1994 717 642 790 679
1995 738 645 811 682
1996 759 649 832 686
1997 780 649 856 689
1998 801 648 881 693
1999 822 652 909 694
2000 842 656 936 694
2001 870 656 964 694
2002 898 656 992 694
2003 926 659 1020 694
2004 954 663 1048 694
2005 982 660 1076 694
2006 1010 657 1104 694
2007 1038 656 1135 694
2008 1066 656 1166 694
2009 1094 652 1198 694
2010 1122 648 1229 695
2011 1153 646 1255 691
2012 1185 643 1279 688
2013 1218 642 1279 684
2014 1248 638 1279 684
2015 1248 638 1279 684
2016 1248 638 1279 684
2017 1248 638 1279 684
2018 1248 638 1279 684
2019 1251 642 1279 680
2079 1211 440 1279 477
2080 1211 440 1279 477
2081 1211 440 1279 477
2082 1190 437 1262 474
2083 1169 433 1242 470
2084 1151 430 1224 467
2085 1133 426 1207 463
2086 1113 426 1186 460
2087 1092 425 1165 456
2088 1071 422 1144 452
2089 1050 418 1123 449
2090 1032 415 1102 445
2091 1014 411 1081 442
2092 994 407 1063 442
2093 973 404 1046 442
2094 955 401 1025 439
2095 937 398 1004 435
2096 917 398 986 432
2097 896 397 969 428
2098 879 393 951 428
2099 861 390 934 428
2100 847 387 916 425
2101 832 384 899 421
2102 815 383 881 421
2103 797 383 864 421
2104 783 379 850 418
2105 769 376 836 414
2106 755 376 818 411
2107 742 376 800 407
2108 727 372 790 407
2109 713 369 780 407
2110 705 369 765 407
2111 697 369 751 407
2112 684 369 741 404
2113 670 369 730 400
2114 660 369 716 403
2115 650 369 702 406
2116 640 369 695 407
2117 630 369 688 407
2118 625 369 677 410
2119 620 368 667 413
2120 614 372 663 417
2121 608 375 660 420
2122 607 379 653 424
2123 603 378 649 432
2124 603 381 649 436
2125 603 385 649 440
2126 607 396 648 442
2127 606 403 651 448
2128 613 407 658 455
2129 620 410 665 462
2130 627 417 679 469
2131 634 424 692 476
2132 644 431 709 483
2133 654 438 727 490
2134 668 441 744 498
2135 682 445 762 505
2136 703 452 783 509
2137 724 459 804 513
2138 745 466 832 519
2139 765 473 859 525
2140 790 476 884 533
2141 814 480 908 540
2142 839 487 936 540
2143 863 494 965 541
2144 891 498 993 544
2145 919 501 1021 548
2146 950 505 1052 547
2147 982 509 1084 547
2148 1010 509 1112 550
2149 1038 508 1140 553
2150 1066 509 1167 550
2151 1094 509 1194 547
2152 1122 512 1213 547
2153 1151 516 1232 547
2154 1179 516 1256 547
2155 1207 516 1279 547
2156 1233 512 1279 547
2157 1256 505 1279 551
2158 1256 505 1279 551
2159 1256 505 1279 551
2160 1256 505 1279 551
2161 1259 509 1279 547
2162 1259 509 1279 547
2195 1247 446 1279 477
2196 1247 446 1279 477
2197 1247 446 1279 477
2198 1236 446 1275 473
2199 1225 446 1268 470
2200 1211 446 1254 472
2201 1197 446 1240 475
2202 1180 446 1227 476
2203 1162 446 1213 477
2204 1147 446 1199 477
2205 1133 446 1185 477
2206 1116 450 1171 480
2207 1100 453 1157 482
2208 1085 453 1143 483
2209 1071 453 1129 484
2210 1053 453 1112 484
2211 1036 453 1094 484
2212 1022 453 1076 484
2213 1008 453 1059 484
2214 990 457 1045 487
2215 973 460 1031 489
2216 955 460 1014 490
2217 938 460 996 491
2218 930 460 982 491
2219 921 460 968 491
2220 899 460 950 495
2221 876 460 933 498
2222 861 463 919 498
2223 847 467 905 498
2224 836 467 891 502
2225 825 467 877 505
2226 811 470 867 505
2227 798 474 856 505
2228 787 474 842 509
2229 777 474 828 512
2230 766 477 817 515
2231 755 481 807 518
2232 751 481 796 519
2233 747 481 785 519
2234 737 484 778 522
2235 727 488 772 525
2236 720 488 765 526
2237 713 488 758 526
2238 710 491 750 526
2239 703 492 747 529
2240 702 491 743 533
2241 702 491 739 537
2242 702 495 739 537
2243 702 499 739 536
2244 702 499 742 536
2245 701 499 745 536
2246 705 499 749 536
2247 708 499 752 536
2248 715 502 756 533
2249 718 502 763 533
2250 722 502 770 533
2251 725 502 777 533
2252 736 502 787 533
2253 746 502 797 533
2254 753 502 808 533
2255 760 502 818 533
2256 774 499 832 533
2257 788 496 846 533
2258 802 495 864 533
2259 815 495 882 533
2260 833 495 899 533
2261 850 495 917 533
2262 868 495 937 533
2263 885 495 958 533
2264 906 495 979 533
2265 927 495 1000 533
2266 948 495 1024 530
2267 969 495 1049 526
2268 993 495 1073 530
2269 1018 495 1098 533
2270 1039 495 1123 533
2271 1060 495 1147 533
2272 1088 498 1163 537
2273 1117 502 1178 540
2274 1141 502 1215 543
2275 1165 501 1251 546
2276 1189 505 1267 550
2277 1214 508 1279 553
2278 1229 512 1279 554
2279 1240 512 1279 558
2280 1240 512 1279 558
2281 1244 516 1279 554
2282 1244 516 1279 554
2283 897 509 1279 695
2284 897 509 1279 695
2369 836 699 903 719
2370 836 699 903 719
2371 836 699 903 719
2372 850 692 917 719
2373 864 685 931 719
2374 875 678 941 718
2375 885 671 952 716
2376 896 651 959 709
2377 907 632 967 703
2378 917 627 977 692
2379 928 623 986 681
2380 935 615 991 667
2381 942 606 996 653
2382 949 593 1006 642
2383 956 580 1016 632
2384 963 573 1019 621
2385 970 566 1022 611
2386 974 562 1027 603
2387 977 558 1031 596
2388 984 551 1037 593
2389 991 545 1043 590
2390 998 544 1048 586
2391 1005 544 1052 582
2392 1009 540 1058 579
2393 1012 537 1064 575
2394 1019 537 1069 572
2395 1026 537 1073 568
2396 1033 533 1083 568
2397 1040 530 1092 568
2398 1051 530 1103 568
2399 1061 530 1113 568
2400 1072 530 1123 568
2401 1082 530 1133 568
2402 1089 530 1144 568
2403 1096 530 1154 568
2404 1106 533 1165 571
2405 1117 537 1175 574
2406 1131 537 1186 575
2407 1145 537 1196 575
2408 1156 540 1210 578
2409 1166 544 1224 581
2410 1180 547 1238 581
2411 1194 551 1252 582
2412 1208 551 1266 585
2413 1222 551 1279 588
2414 1237 554 1279 588
2415 1248 555 1279 592
2416 1256 555 1279 592
2417 1264 555 1279 592
2418 1264 555 1279 592
2419 1264 555 1279 592
2420 1264 554 1279 592
2421 1264 554 1279 592
2422 1262 552 1279 591
2423 1261 550 1279 589
2424 1260 549 1279 587
2425 1259 547 1279 586
2426 1258 546 1279 584
2427 1257 544 1279 583
2428 1256 542 1279 581
2429 1255 541 1279 579
2430 1254 539 1279 578
2431 1252 538 1279 576
2432 1251 536 1279 575
2433 1250 534 1279 573
2434 1249 533 1279 572
2435 1248 531 1279 570
2436 1247 530 1279 568
2437 1246 528 1279 567
2438 1245 526 1279 565
2439 1244 525 1279 564
2440 1242 523 1279 562
2441 1241 522 1279 560
2442 1241 521 1279 559
2443 1244 523 1279 554
2444 1227 517 1272 551
2445 1211 510 1262 547
2446 1201 507 1248 544
2447 1190 503 1233 540
2448 1179 500 1223 537
2449 1168 496 1213 533
2450 1157 496 1202 530
2451 1147 495 1192 526
2452 1136 492 1181 522
2453 1126 488 1171 519
2454 1119 488 1164 519
2455 1112 488 1157 519
2456 1105 488 1146 519
2457 1098 488 1135 519
2458 1091 488 1128 523
2459 1084 488 1121 526
2460 1077 491 1118 529
2461 1070 495 1115 532
2462 1067 498 1107 535
2463 1063 502 1100 539
2464 1063 505 1097 542
2465 1062 509 1093 546
2466 1059 512 1093 550
2467 1056 516 1093 554
2468 1059 523 1093 558
2469 1062 530 1093 561
2470 1062 534 1097 564
2471 1062 537 1100 568
2472 1069 537 1107 572
2473 1076 537 1113 575
2474 1079 540 1117 575
2475 1083 544 1121 575
2476 1093 548 1135 578
2477 1103 551 1148 582
2478 1110 551 1158 586
2479 1117 551 1168 589
2480 1128 554 1179 589
2481 1138 558 1190 589
2482 1148 558 1204 593
2483 1159 558 1217 596
2484 1173 561 1231 596
2485 1187 565 1245 596
2486 1201 565 1256 596
2487 1215 565 1266 596
2488 1226 565 1274 596
2489 1236 565 1279 596
2490 1247 565 1279 592
2491 1256 563 1279 591
2492 1256 563 1279 591
2493 1256 563 1279 591
2494 1256 563 1279 591
2495 1256 563 1279 591
2496 1256 561 1279 590
2497 1255 558 1279 589
2498 1255 556 1279 587
2499 1254 553 1279 585
2500 1254 551 1279 584
2501 1253 548 1279 582
2502 1252 545 1279 580
2503 1252 543 1279 578
2504 1251 540 1279 576
2505 1251 538 1279 574
2506 1250 535 1279 572
2507 1249 532 1279 570
2508 1249 530 1279 568
2509 1251 531 1279 563
2510 1242 527 1279 562
2511 1232 523 1279 561
2512 1214 523 1268 558
2513 1197 523 1255 554
2514 1180 523 1241 554
2515 1163 523 1227 554
2516 1142 523 1210 554
2517 1120 523 1193 554
2518 1099 523 1172 554
2519 1078 523 1151 554
2520 1057 523 1133 558
2521 1036 523 1116 561
2522 1015 526 1095 561
2523 994 530 1074 561
2524 973 530 1053 565
2525 952 530 1032 568
2526 928 533 1008 571
2527 905 537 983 574
2528 892 537 962 575
2529 879 537 940 575
2530 849 540 920 578
2531 819 544 899 581
2532 802 544 878 582
2533 784 544 857 582
2534 766 544 839 582
2535 748 544 822 582
2536 730 544 804 582
2537 713 544 787 582
2538 699 544 769 586
2539 685 543 752 590
2540 674 547 737 589
2541 663 551 723 589
2542 656 551 713 589
2543 648 551 702 589
2544 641 551 691 589
2545 630 547 685 593
2546 626 547 682 593
2547 627 551 674 589
2548 628 554 670 593
2549 624 554 670 600
2550 623 553 674 604
2551 627 557 674 604
2552 631 561 680 607
2553 634 564 686 611
2554 641 568 696 617
2555 648 571 706 623
2556 658 575 717 627
2557 669 578 727 630
2558 679 585 742 635
2559 689 592 756 639
2560 703 599 770 645
2561 717 606 784 651
2562 735 613 800 661
2563 753 620 817 671
2564 770 627 835 679
2565 787 634 854 686
2566 805 645 871 693
2567 822 655 889 700
2568 840 663 906 704
2569 857 670 924 708
2570 875 673 941 712
2571 892 677 959 715
2572 906 680 973 715
2573 920 684 987 715
2574 935 684 994 715
2575 949 684 1001 715
2576 960 678 1005 712
2577 971 671 1008 708
2578 975 664 1008 705
2579 980 657 1009 702
2580 976 640 1009 691
2581 972 624 1009 681
2582 968 619 1006 670
2583 964 613 1002 660
2584 944 594 992 646
2585 924 574 982 632
2586 910 563 968 622
2587 896 553 954 611
2588 878 545 940 601
2589 860 538 927 590
2590 846 531 913 579
2591 832 524 899 569
2592 815 517 881 562
2593 797 510 864 555
2594 783 507 850 547
2595 769 503 836 540
2596 761 499 818 533
2597 753 495 800 526
2598 737 489 786 523
2599 721 482 772 519
2600 710 475 761 512
2601 700 468 751 505
2602 692 465 740 502
2603 685 461 730 498
2604 682 458 722 495
2605 678 454 715 491
2606 675 454 712 488
2607 671 453 708 484
2608 671 450 705 480
2609 667 443 704 480
2610 667 443 707 480
2611 666 443 710 480
2612 673 446 710 480
2613 673 442 717 486
2614 677 442 721 487
2615 684 446 721 484
2616 687 446 728 484
2617 690 446 735 484
2618 701 446 746 481
2619 711 446 756 477
2620 718 446 766 477
2621 725 446 776 477
2622 736 442 790 477
2623 746 439 804 477
2624 760 439 815 474
2625 774 439 825 470
2626 785 439 839 470
2627 795 439 853 470
2628 809 439 867 470
2629 823 439 881 470
2630 837 439 895 470
2631 851 439 909 470
2632 865 439 923 470
2633 879 439 937 470
2634 893 439 951 470
2635 907 439 965 470
2636 925 439 970 470
2637 943 439 974 470
2638 956 443 1001 473
2639 970 446 1028 477
2640 987 446 1046 477
2641 1005 446 1063 477
2642 1022 446 1081 477
2643 1040 446 1098 477
2644 1054 446 1116 477
2645 1067 446 1134 477
2646 1085 447 1151 477
2647 1102 448 1169 477
2648 1124 447 1186 477
2649 1145 446 1203 477
2650 1163 446 1215 477
2651 1180 446 1227 477
2652 1197 443 1252 473
2653 1215 441 1278 470
2654 1233 440 1279 470
2655 1251 439 1279 470
2656 1259 439 1279 466
2657 1264 437 1279 465
2658 1264 437 1279 465
2659 1266 439 1279 463
2660 1257 334 1279 468
2661 1248 228 1279 473
2662 1248 228 1279 473
2702 1204 174 1279 211
2703 1204 174 1279 211
2704 1204 174 1279 211
2705 1183 167 1259 204
2706 1162 160 1235 197
2707 1141 153 1214 190
2708 1120 146 1193 183
2709 1099 139 1172 176
2710 1078 132 1151 169
2711 1057 125 1130 162
2712 1035 118 1109 155
2713 1015 115 1088 152
2714 994 111 1067 148
2715 973 104 1046 141
2716 952 97 1025 134
2717 944 97 1003 131
2718 935 96 982 127
2719 908 90 965 124
2720 881 83 948 120
2721 864 83 930 117
2722 846 82 913 113
2723 832 82 895 113
2724 819 82 877 113
2725 801 82 863 116
2726 783 82 850 119
2727 769 85 832 122
2728 756 89 814 126
2729 738 92 800 129
2730 720 96 787 133
2731 712 99 772 137
2732 704 103 758 141
2733 691 113 744 151
2734 678 124 730 161
2735 664 131 716 168
2736 651 138 702 175
2737 641 145 688 185
2738 630 151 673 196
2739 619 162 663 207
2740 608 172 653 217
2741 601 183 646 227
2742 594 194 639 237
2743 587 200 628 247
2744 580 207 617 258
2745 573 218 614 272
2746 566 228 611 286
2747 562 242 607 297
2748 559 256 604 307
2749 558 267 600 318
2750 558 277 596 329
2751 558 291 599 343
2752 557 305 602 356
2753 557 316 603 367
2754 557 326 604 377
2755 561 337 607 388
2756 564 347 611 398
2757 568 358 617 406
2758 571 368 623 413
2759 574 375 631 420
2760 578 382 638 427
2761 585 389 645 434
2762 592 396 652 441
2763 599 403 659 448
2764 606 410 666 455
2765 616 417 676 465
2766 627 424 687 475
2767 634 435 698 483
2768 640 445 708 490
2769 651 456 719 501
2770 661 466 729 511
2771 672 473 737 519
2772 683 480 744 527
2773 693 491 758 540
2774 703 501 771 553
2775 717 515 784 567
2776 731 529 798 580
2777 742 540 812 594
2778 752 550 826 608
2779 766 564 836 619
2780 780 578 847 629
2781 791 589 858 640
2782 801 599 869 651
2783 815 613 882 665
2784 829 627 896 678
2785 844 638 904 686
2786 858 648 912 695
2787 872 662 932 707
2788 885 677 952 719
2789 904 691 952 719
2790 919 704 956 719
2791 919 704 956 719
2792 919 704 956 719
2793 919 704 956 719
2794 922 706 953 719
2795 922 706 953 719
3131 1198 601 1279 646
3132 1198 601 1279 646
3133 1198 601 1279 646
3134 1166 590 1252 635
3135 1134 580 1221 625
3136 1115 572 1193 614
3137 1095 565 1165 603
3138 1056 545 1137 593
3139 1016 525 1110 583
3140 991 514 1082 569
3141 966 504 1053 555
3142 938 493 1029 544
3143 911 483 1005 534
3144 886 475 980 523
3145 862 468 956 513
3146 840 457 931 506
3147 819 447 906 499
3148 798 440 882 492
3149 777 433 857 485
3150 756 428 836 478
3151 735 424 815 471
3152 718 418 798 464
3153 700 412 780 457
3154 686 408 759 453
3155 671 403 738 450
3156 657 400 724 442
3157 643 397 710 435
3158 629 394 696 435
3159 615 391 682 436
3160 604 390 667 432
3161 593 390 653 428
3162 586 390 643 432
3163 580 389 632 436
3164 569 393 625 439
3165 558 396 618 443
3166 555 400 611 449
3167 552 403 604 455
3168 547 410 597 465
3169 543 417 590 475
3170 544 427 586 486
3171 544 438 582 496
3172 540 448 582 511
3173 536 458 583 525
3174 540 472 585 542
3175 543 486 588 559
3176 543 504 593 567
3177 543 522 597 576
3178 550 539 607 599
3179 557 556 617 623
3180 564 574 624 630
3181 571 592 631 637
3182 585 603 644 648
3183 599 613 657 658
3184 613 624 671 665
3185 627 635 685 672
3186 641 642 699 676
3187 655 649 713 680
3188 669 653 731 683
3189 682 656 749 687
3190 700 656 760 687
3191 718 656 772 687
3192 735 650 795 684
3193 752 643 819 680
3194 766 636 839 677
3195 780 629 860 674
3196 805 615 882 663
3197 829 602 903 653
3198 847 591 924 642
3199 864 581 944 632
3200 881 570 965 621
3201 899 560 986 611
3202 920 549 1004 600
3203 941 539 1021 590
3204 958 528 1039 579
3205 976 518 1057 569
3206 997 507 1075 558
3207 1018 497 1092 548
3208 1036 486 1110 537
3209 1053 476 1127 527
3210 1071 468 1141 516
3211 1088 461 1155 506
3212 1102 450 1172 495
3213 1116 440 1190 485
3214 1130 433 1200 478
3215 1144 426 1211 471
3216 1155 419 1221 464
3217 1165 412 1232 457
3218 1176 408 1239 449
3219 1187 404 1247 442
3220 1197 400 1254 439
3221 1208 397 1260 435
3222 1212 393 1264 432
3223 1215 390 1267 428
3224 1219 383 1268 421
3225 1222 377 1269 414
3226 1219 374 1269 411
3227 1217 370 1269 407
3228 1213 367 1265 404
3229 1210 363 1262 400
3230 1205 363 1255 397
3231 1201 362 1248 393
3232 1191 359 1241 389
3233 1182 355 1234 386
3234 1175 355 1227 390
3235 1168 355 1220 393
3236 1157 358 1213 400
3237 1146 361 1206 406
3238 1136 365 1196 413
3239 1127 368 1185 419
3240 1116 375 1175 430
3241 1106 382 1164 440
3242 1095 396 1154 454
3243 1085 410 1143 468
3244 1076 420 1133 477
3245 1068 431 1122 485
3246 1048 448 1108 505
3247 1028 466 1095 524
3248 1014 480 1081 538
3249 1000 494 1067 552
3250 980 508 1053 563
3251 959 522 1039 574
3252 942 533 1018 584
3253 924 543 997 594
3254 903 554 979 599
3255 882 565 962 603
3256 861 568 941 607
3257 840 572 920 610
3258 819 575 899 614
3259 798 579 878 617
3260 777 579 857 617
3261 756 579 836 617
3262 735 582 815 617
3263 714 586 794 617
3264 693 582 773 617
3265 672 579 752 617
3266 655 576 735 617
3267 637 573 717 618
3268 619 569 696 614
3269 601 566 675 611
3270 584 562 657 607
3271 567 559 640 604
3272 553 552 626 597
3273 538 545 612 590
3274 527 542 594 582
3275 516 538 576 575
3276 506 531 566 572
3277 495 524 555 569
3278 488 520 545 565
3279 480 517 534 562
3280 474 516 527 558
3281 468 516 520 554
3282 461 513 513 551
3283 454 510 506 547
3284 453 509 499 547
3285 453 509 491 547
3286 449 512 488 547
3287 442 513 488 550
3288 442 513 484 553
3289 446 516 477 553
3290 446 519 481 556
3291 446 523 484 560
3292 449 530 491 567
3293 452 537 497 574
3294 459 540 511 581
3295 466 543 524 588
3296 476 547 535 592
3297 487 550 545 595
3298 497 554 554 596
3299 508 558 562 596
3300 522 558 586 596
3301 535 558 609 596
3302 553 558 627 596
3303 570 558 644 596
3304 588 551 662 593
3305 605 545 679 590
3306 619 541 700 586
3307 633 538 720 583
3308 654 531 738 576
3309 675 524 755 569
3310 692 517 772 562
3311 710 510 790 555
3312 727 506 804 551
3313 745 503 819 548
3314 759 499 833 540
3315 773 495 847 533
3316 791 488 861 530
3317 808 482 875 527
3318 823 478 886 523
3319 837 475 897 520
3320 847 474 907 516
3321 858 474 918 512
3322 868 470 928 509
3323 879 467 939 505
3324 889 463 946 502
3325 900 460 952 498
3326 907 457 957 495
3327 914 454 961 491
3328 913 450 969 495
3329 921 453 968 491
3330 925 453 971 488
3331 924 450 979 487
3332 928 446 979 488
3333 936 446 974 484
3334 939 450 974 480
3335 940 451 977 479
3336 936 451 978 483
3337 932 450 978 487
3338 932 450 978 487
3339 932 450 978 487
3340 928 450 975 487
3341 929 453 967 484
3342 925 453 964 487
3343 918 449 964 493
3344 915 453 965 494
3345 911 457 965 494
3346 908 457 961 494
3347 909 460 954 491
3348 905 460 950 494
3349 902 460 947 497
3350 898 463 939 497
3351 890 464 936 501
3352 886 464 933 501
3353 883 464 929 501
3354 880 467 922 498
3355 874 467 919 498
3356 867 467 912 498
3357 860 467 905 498
3358 857 467 897 498
3359 853 467 890 498
3360 846 467 887 498
3361 839 467 884 498
3362 836 467 876 498
3363 832 467 869 498
3364 829 464 866 494
3365 822 457 866 494
3366 821 457 862 494
3367 821 457 858 494
3368 824 457 859 487
3369 820 452 866 487
3370 820 451 865 487
3371 820 450 864 487
3372 820 451 865 483
3373 820 451 866 479
3374 824 447 866 479
3375 828 443 865 480
3376 827 443 869 480
3377 831 446 869 477
3378 834 446 873 473
3379 838 446 876 470
3380 841 443 880 470
3381 845 439 883 470
3382 844 436 891 473
3383 852 439 890 470
3384 859 439 897 470
3385 862 436 906 473
3386 866 436 910 473
3387 869 436 913 473
3388 873 436 917 473
3389 876 436 920 473
3390 880 436 924 473
3391 883 436 927 473
3392 887 436 928 473
3393 891 436 928 473
3394 898 443 928 470
3395 901 446 932 470
3396 905 446 935 473
3397 905 443 942 480
3398 905 443 945 480
