230 0 0 142 132
231 0 0 164 113
232 0 0 186 95
233 8 0 199 88
234 26 0 211 80
235 51 0 233 83
236 75 0 255 86
237 96 0 273 96
238 118 2 290 106
239 139 16 305 117
240 160 30 319 127
241 178 44 323 135
242 197 59 327 143
243 214 72 350 166
244 231 86 373 189
245 249 103 387 206
246 266 121 402 224
247 281 142 410 232
248 295 164 418 241
249 313 182 432 259
250 330 199 446 276
251 348 217 460 294
252 366 234 473 311
253 383 251 496 331
254 400 269 519 350
255 418 286 533 364
256 435 304 548 378
257 450 319 556 383
258 464 333 564 387
259 482 344 578 397
260 499 354 592 408
261 513 365 606 418
262 527 375 620 429
263 541 385 637 442
264 555 396 654 456
265 569 406 664 463
266 583 417 674 469
267 597 424 690 476
268 611 431 707 483
269 625 438 715 488
270 640 445 724 492
271 654 449 735 495
272 668 452 745 499
273 682 456 755 498
274 696 460 766 498
275 710 460 783 498
276 724 460 800 498
277 734 456 813 498
278 745 452 826 499
279 759 449 831 495
280 774 445 835 492
281 784 442 846 484
282 795 439 856 477
283 805 435 870 474
284 815 432 885 470
285 829 425 898 467
286 843 419 911 464
287 854 418 922 460
288 864 418 932 456
289 875 414 940 453
290 886 411 947 449
291 896 411 958 446
292 907 411 968 442
293 917 407 975 442
294 928 404 982 442
295 939 404 992 442
296 949 404 1003 442
297 960 404 1009 442
298 970 404 1015 441
299 977 404 1022 442
300 984 404 1029 442
301 995 407 1033 442
302 1006 411 1037 442
303 1013 411 1044 442
304 1020 411 1051 442
305 1027 411 1065 442
306 1033 411 1080 442
307 1040 415 1086 442
308 1047 418 1092 442
309 1051 418 1096 445
310 1054 418 1099 449
311 1062 418 1100 445
312 1069 418 1100 442
313 1065 416 1107 444
314 1065 416 1111 444
315 1069 416 1111 444
316 1073 416 1110 444
317 1074 416 1106 444
318 1074 416 1102 444
319 1078 416 1101 444
320 1082 416 1101 444
321 1074 416 1102 444
322 1066 416 1103 444
323 1066 416 1103 444
324 1069 418 1100 442
325 1066 415 1096 442
326 1062 411 1093 442
327 1059 411 1089 438
328 1055 411 1086 435
329 1049 411 1083 435
330 1042 411 1079 435
331 1038 408 1076 435
332 1034 404 1072 435
333 1034 404 1065 431
334 1034 404 1058 428
335 1027 404 1054 428
336 1020 404 1051 428
337 1017 401 1044 428
338 1013 397 1037 428
339 1003 397 1033 424
340 993 397 1030 421
341 986 397 1023 421
342 979 397 1016 421
343 975 397 1009 421
344 971 397 1002 421
345 961 397 991 424
346 950 397 981 428
347 943 401 974 428
348 936 404 967 428
349 922 404 960 431
350 909 404 954 435
351 902 404 947 435
352 895 404 940 435
353 884 408 929 438
354 874 411 919 440
355 870 411 908 441
356 866 411 897 442
357 855 411 890 442
358 845 411 883 442
359 834 415 873 442
360 824 418 862 442
361 810 418 852 445
362 797 418 842 449
363 787 418 835 449
364 777 418 828 449
365 772 418 817 449
366 768 418 806 449
367 757 418 796 449
368 747 418 785 449
369 736 422 775 449
370 726 425 764 449
371 712 425 754 449
372 699 425 744 449
373 688 425 733 449
374 678 425 723 449
375 674 425 712 449
376 670 425 701 449
377 663 425 694 449
378 656 425 687 449
379 645 425 680 452
380 635 425 673 456
381 624 429 663 456
382 614 432 652 456
383 604 432 642 459
384 594 432 631 463
385 584 432 624 463
386 573 432 618 463
387 569 432 607 463
388 565 432 596 463
389 558 432 589 463
390 551 432 582 463
391 544 436 575 463
392 537 439 568 463
393 527 439 561 463
394 514 437 558 465
395 510 437 554 465
396 510 439 547 463
397 506 439 540 463
398 502 439 533 463
399 496 437 532 465
400 492 437 529 465
401 489 437 525 465
402 488 439 519 463
403 485 439 515 465
404 478 436 515 471
405 475 436 511 472
406 476 439 505 470
407 472 443 505 473
408 465 443 509 478
409 464 443 509 479
410 463 443 509 480
411 470 450 505 480
412 474 453 505 484
413 474 457 509 487
414 474 460 512 491
415 481 463 522 497
416 487 467 532 504
417 491 474 539 507
418 494 481 546 510
419 505 485 554 515
420 515 488 562 519
421 526 492 572 522
422 536 495 583 526
423 550 499 597 529
424 564 502 611 533
425 578 502 641 533
426 591 502 671 533
427 612 499 689 533
428 633 496 707 533
429 651 495 719 533
430 669 495 730 533
431 690 491 755 530
432 710 488 780 526
433 731 484 801 519
434 752 481 822 512
435 773 471 851 509
436 794 461 881 506
437 818 458 903 498
438 843 454 924 491
439 864 447 945 488
440 885 440 965 485
441 906 436 977 477
442 928 432 989 470
443 945 428 1007 467
444 963 425 1024 463
445 981 421 1034 460
446 998 418 1045 456
447 1016 411 1065 449
448 1033 404 1085 442
449 1043 400 1099 439
450 1054 397 1112 435
451 1068 393 1117 432
452 1083 390 1121 428
453 1090 386 1128 421
454 1097 383 1135 414
455 1104 380 1142 410
456 1111 376 1149 407
457 1114 373 1156 403
458 1117 369 1162 400
459 1121 363 1163 397
460 1121 353 1167 397
461 1125 352 1167 393
462 1129 352 1166 389
463 1129 349 1166 385
464 1132 348 1163 379
465 1125 344 1163 379
466 1117 341 1164 379
467 1114 341 1160 376
468 1110 341 1157 372
469 1100 341 1150 372
470 1091 341 1143 372
471 1084 341 1136 375
472 1077 341 1129 378
473 1072 341 1122 379
474 1068 341 1115 379
475 1061 344 1108 379
476 1054 348 1101 379
477 1048 352 1090 382
478 1041 355 1079 386
479 1027 359 1069 389
480 1012 362 1059 393
481 999 362 1048 397
482 986 362 1038 400
483 982 365 1027 400
484 978 369 1016 400
485 961 373 1006 403
486 944 376 996 407
487 933 376 985 411
488 923 376 975 414
489 915 379 964 414
490 907 383 954 414
491 894 386 943 420
492 881 390 933 427
493 876 393 926 427
494 872 397 919 428
495 859 401 908 431
496 846 404 898 435
497 839 407 891 441
498 832 411 884 448
499 827 414 877 448
500 823 418 870 449
501 813 422 863 452
502 804 425 856 456
503 799 425 849 460
504 795 425 842 463
505 785 428 835 467
506 776 432 828 470
507 772 435 824 474
508 769 439 821 477
509 764 442 814 481
510 760 446 807 484
511 757 449 803 488
512 753 453 800 491
513 750 456 796 495
514 746 460 793 498
515 740 463 789 502
516 734 467 786 505
517 730 470 782 512
518 727 473 779 518
519 723 477 775 522
520 720 480 772 525
521 716 488 772 529
522 712 495 772 533
523 712 498 769 537
524 711 502 765 540
525 705 505 762 544
526 698 509 758 547
527 694 512 755 554
528 690 515 751 560
529 686 519 748 567
530 683 522 744 574
531 679 529 741 578
532 676 536 737 581
533 672 540 734 582
534 669 544 730 582
535 665 550 730 595
536 661 557 731 608
537 662 564 727 613
538 662 571 723 618
539 658 582 727 631
540 654 592 731 644
541 654 599 731 655
542 654 606 731 666
543 657 616 734 673
544 661 627 738 681
545 661 637 745 694
546 660 648 751 706
547 668 655 752 711
548 675 662 752 716
549 682 669 762 719
550 689 676 772 719
551 696 684 776 719
552 703 691 780 719
553 721 698 783 719
554 739 706 786 719
555 757 706 792 719
556 773 704 801 719
557 773 704 801 719
558 773 704 801 719
559 800 706 826 719
560 824 706 853 719
561 827 703 875 719
562 829 700 896 719
563 822 694 907 719
564 829 693 905 719
565 825 682 905 719
566 822 671 906 719
567 818 666 903 719
568 815 662 899 719
569 798 645 893 713
570 782 627 886 703
571 768 617 872 692
572 754 606 858 682
573 737 599 844 675
574 720 592 831 668
575 705 589 817 657
576 690 585 803 646
577 682 581 785 639
578 674 578 767 632
579 651 572 749 629
580 628 565 732 625
581 610 562 715 622
582 593 558 697 618
583 579 558 680 615
584 565 557 662 611
585 555 557 648 607
586 544 557 634 604
587 536 557 619 604
588 528 557 605 604
589 515 561 595 607
590 501 564 584 611
591 497 564 573 611
592 493 564 563 611
593 484 564 552 611
594 474 564 542 611
595 470 561 534 607
596 466 557 527 604
597 466 554 520 600
598 466 550 513 597
599 460 544 513 590
600 453 538 513 583
601 453 534 510 579
602 452 529 506 576
603 456 519 506 569
604 459 510 506 562
605 459 503 506 555
606 459 496 506 548
607 459 491 509 541
608 459 487 513 534
609 463 481 513 527
610 466 475 513 520
611 470 471 516 512
612 473 467 520 505
613 477 457 526 498
614 480 447 532 492
615 484 444 536 484
616 487 440 539 477
617 494 440 540 474
618 502 439 540 470
619 505 436 547 466
620 508 432 555 463
621 512 428 558 463
622 515 425 562 463
623 522 425 568 460
624 525 422 579 459
625 529 422 582 459
626 532 422 586 459
627 544 422 585 452
628 551 418 589 449
629 554 418 596 449
630 557 418 602 449
631 565 414 603 449
632 572 411 603 449
633 575 411 610 446
634 579 411 617 442
635 586 408 624 438
636 593 406 630 435
637 593 402 637 438
638 600 404 637 435
639 607 401 644 431
640 614 397 651 428
641 617 394 651 424
642 621 390 652 421
643 628 387 662 417
644 631 382 675 417
645 635 381 679 417
646 638 380 682 417
647 649 380 686 410
648 656 378 693 407
649 663 377 697 407
650 670 376 701 407
651 674 376 704 403
652 677 376 708 400
653 687 376 721 400
654 698 376 733 400
655 701 373 742 400
656 704 369 751 400
657 715 369 760 400
658 725 369 770 400
659 732 369 777 400
660 739 369 784 400
661 747 369 788 400
662 754 369 792 400
663 761 373 796 400
664 765 374 802 402
665 773 374 801 402
666 781 374 800 402
667 782 376 805 402
668 782 376 811 405
669 786 380 812 406
670 789 383 813 407
671 791 382 814 405
672 795 382 814 401
673 795 382 814 405
674 797 383 812 407
675 797 387 816 410
676 796 390 820 414
677 791 388 821 416
678 791 390 818 414
679 790 394 815 417
680 789 397 813 421
681 783 397 809 423
682 777 397 806 426
683 769 401 803 427
684 762 404 799 428
685 758 402 799 434
686 758 401 795 438
687 754 404 789 435
688 747 404 785 435
689 740 404 778 435
690 734 404 771 435
691 727 404 768 435
692 720 404 765 435
693 713 404 758 435
694 706 404 751 435
695 702 404 743 435
696 698 404 736 435
697 691 401 729 431
698 684 397 722 428
699 674 394 712 424
700 664 392 701 421
701 657 391 698 421
702 650 390 695 421
703 639 387 684 417
704 629 383 674 414
705 625 380 663 410
706 621 376 652 407
707 607 373 645 407
708 594 370 639 407
709 586 370 628 404
710 579 369 617 400
711 565 363 607 397
712 552 356 597 393
713 541 353 586 390
714 531 349 576 386
715 523 349 565 383
716 516 348 554 379
717 502 341 548 376
718 489 334 541 372
719 481 334 530 369
720 473 334 520 365
721 456 331 509 361
722 439 327 499 358
723 432 324 489 358
724 426 321 478 358
725 418 320 471 358
726 410 320 464 358
727 407 320 453 358
728 400 316 446 362
729 396 316 443 362
730 393 316 439 362
731 393 316 438 358
732 397 320 434 351
733 396 317 444 354
734 396 314 454 357
735 406 313 469 358
736 416 312 483 359
737 430 309 500 355
738 444 305 517 352
739 458 302 529 348
740 472 298 542 345
741 496 292 578 341
742 520 286 614 338
743 541 278 645 335
744 561 271 677 331
745 593 268 705 328
746 625 264 734 324
747 653 260 758 317
748 681 256 783 310
749 702 253 792 306
750 724 249 801 303
751 748 246 834 299
752 772 244 866 296
753 790 243 884 296
754 807 242 903 296
755 832 246 920 296
756 857 249 937 296
757 871 253 952 299
758 885 256 966 303
759 903 260 974 306
760 921 263 982 310
761 934 270 1002 320
762 948 277 1022 329
763 962 284 1030 334
764 977 291 1038 338
765 987 298 1055 345
766 997 305 1071 352
767 1008 309 1079 358
768 1018 312 1086 364
769 1029 319 1090 369
770 1040 326 1094 373
771 1050 330 1107 375
772 1061 333 1121 378
773 1072 341 1125 382
774 1082 348 1129 386
775 1089 355 1135 393
776 1096 362 1141 399
777 1100 365 1142 402
778 1104 369 1142 406
779 1107 376 1142 410
780 1111 383 1142 414
781 1108 384 1145 420
782 1108 387 1145 422
783 1104 391 1146 423
784 1100 395 1146 423
785 1094 397 1135 424
786 1084 397 1129 428
787 1076 397 1118 428
788 1069 397 1107 428
789 1059 397 1100 424
790 1049 397 1094 421
791 1035 394 1083 421
792 1022 390 1073 421
793 1014 390 1059 417
794 1006 390 1044 414
795 982 384 1027 414
796 959 377 1010 414
797 941 377 996 411
798 924 376 982 407
799 907 373 965 403
800 890 369 947 400
801 875 366 933 396
802 861 362 919 393
803 849 359 901 389
804 837 355 884 386
805 818 352 870 382
806 798 348 856 379
807 780 345 839 379
808 763 342 821 379
809 749 339 807 376
810 735 335 793 372
811 721 332 779 369
812 707 328 765 365
813 702 328 751 362
814 698 327 736 358
815 678 323 726 358
816 658 320 716 358
817 650 320 702 355
818 641 320 688 351
819 632 317 677 347
820 622 313 667 344
821 615 310 656 340
822 608 308 645 337
823 604 307 638 337
824 600 306 631 337
825 593 303 624 333
826 586 299 617 330
827 583 299 613 326
828 579 299 610 323
829 576 296 606 323
830 572 292 603 323
831 569 289 599 319
832 565 285 596 316
833 562 279 599 315
834 562 275 599 312
835 569 275 599 305
836 572 273 601 302
837 576 272 606 298
838 579 271 610 295
839 582 268 616 295
840 586 264 623 295
841 593 261 636 291
842 599 257 650 288
843 610 254 654 284
844 621 252 658 281
845 628 248 668 281
846 634 244 679 281
847 645 244 687 278
848 656 243 694 274
849 666 240 708 270
850 676 236 721 267
851 687 233 732 267
852 697 230 742 267
853 708 230 749 264
854 719 229 756 260
855 726 226 769 256
856 732 224 783 253
857 739 219 788 253
858 746 215 793 253
859 757 215 795 250
860 765 212 800 249
861 769 212 801 249
862 773 212 801 249
863 773 213 804 245
864 772 213 807 241
865 776 213 808 241
866 780 213 808 241
867 776 209 808 241
868 772 205 809 242
869 769 208 803 239
870 762 208 799 239
871 759 208 792 235
872 756 208 785 232
873 749 208 778 232
874 742 208 771 232
875 735 208 764 232
876 728 208 757 232
877 724 208 750 235
878 719 208 743 239
879 703 212 732 239
880 687 215 722 239
881 682 215 715 239
882 677 215 708 239
883 661 215 698 239
884 644 215 687 239
885 633 215 677 239
886 622 215 667 239
887 614 215 652 239
888 607 215 638 239
889 591 215 631 239
890 574 215 625 239
891 570 215 610 239
892 565 215 596 239
893 545 213 586 239
894 525 210 576 239
895 511 209 562 239
896 497 208 548 239
897 489 208 534 239
898 481 208 519 239
899 463 208 509 239
900 445 208 499 239
901 438 212 485 239
902 432 215 470 239
903 412 215 457 242
904 392 215 443 246
905 381 219 432 249
906 371 222 422 253
907 357 225 408 259
908 343 229 394 266
909 333 232 380 269
910 322 236 365 273
911 314 243 355 277
912 306 250 344 281
913 292 257 334 291
914 279 264 324 301
915 269 271 313 308
916 259 278 302 315
917 252 281 295 322
918 244 284 289 329
919 241 292 281 332
920 237 299 274 336
921 237 302 271 336
922 236 306 267 337
923 236 309 267 343
924 236 313 267 350
925 236 316 274 353
926 235 320 280 357
927 242 323 287 357
928 249 327 294 358
929 256 331 301 361
930 263 334 308 365
931 274 334 316 365
932 285 334 323 365
933 295 335 339 369
934 305 335 355 372
935 316 338 364 372
936 326 341 373 372
937 343 341 402 376
938 360 341 431 379
939 378 344 452 382
940 395 348 473 385
941 420 348 486 386
942 445 348 499 386
943 465 351 535 390
944 486 355 572 393
945 514 355 588 397
946 543 354 604 401
947 567 358 641 403
948 591 361 677 406
949 618 365 708 407
950 646 369 740 407
951 671 369 757 407
952 696 369 773 407
953 727 372 806 411
954 759 376 839 414
955 780 379 851 418
956 802 383 863 421
957 823 386 887 428
958 843 389 910 436
959 861 397 924 439
960 879 404 937 442
961 893 407 948 449
962 907 410 959 455
963 918 418 966 459
964 928 425 973 463
965 932 428 974 467
966 936 432 974 470
967 939 439 974 474
968 943 446 974 477
969 933 446 971 481
970 923 446 968 484
971 916 449 961 488
972 909 453 954 491
973 905 456 946 491
974 901 460 939 491
975 881 460 929 495
976 861 460 919 498
977 847 460 905 498
978 833 460 891 498
979 816 463 877 502
980 799 467 863 505
981 781 467 846 505
982 764 467 828 505
983 749 470 811 508
984 735 474 793 511
985 717 474 779 512
986 699 474 766 512
987 691 474 748 512
988 683 474 730 512
989 667 474 716 512
990 651 474 702 512
991 637 474 688 509
992 623 474 674 505
993 609 474 660 505
994 595 474 646 505
995 585 471 632 501
996 574 467 617 498
997 564 464 607 494
998 553 462 596 491
999 543 461 586 491
1000 532 460 575 491
1001 522 457 565 487
1002 511 453 554 484
1003 501 450 544 484
1004 490 447 533 484
1005 480 447 523 481
1006 469 446 512 477
1007 461 443 506 473
1008 452 439 499 470
1009 443 436 488 466
1010 433 432 478 463
1011 422 432 467 463
1012 412 432 457 463
1013 402 429 446 459
1014 392 425 435 456
1015 385 422 428 456
1016 377 419 422 456
1017 366 419 411 453
1018 356 418 401 449
1019 349 415 394 445
1020 342 411 387 442
1021 338 411 376 442
1022 334 411 365 442
1023 327 408 358 438
1024 317 401 354 438
1025 314 401 350 438
1026 310 401 347 438
1027 311 402 343 434
1028 311 402 339 430
1029 306 398 336 428
1030 299 391 336 428
1031 302 391 339 425
1032 306 390 343 421
1033 313 386 353 421
1034 320 383 363 421
1035 326 383 376 421
1036 333 383 390 421
1037 347 380 408 418
1038 361 377 425 414
1039 378 376 446 414
1040 395 376 466 414
1041 413 376 479 414
1042 431 376 492 414
1043 455 376 529 414
1044 479 376 565 414
1045 503 376 593 414
1046 527 376 621 414
1047 555 376 652 414
1048 583 376 683 414
1049 614 376 715 414
1050 646 376 746 414
1051 677 376 778 414
1052 709 376 809 414
1053 741 376 835 414
1054 773 376 860 414
1055 797 379 888 418
1056 821 383 915 421
1057 850 383 937 424
1058 878 382 958 427
1059 903 386 979 428
1060 927 390 1000 428
1061 945 393 1008 432
1062 963 397 1017 435
1063 981 400 1034 439
1064 998 404 1050 442
1065 1012 407 1060 445
1066 1027 411 1070 448
1067 1034 414 1074 452
1068 1037 414 1081 460
1069 1041 418 1082 460
1070 1045 422 1082 459
1071 1045 428 1079 462
1072 1042 432 1079 469
1073 1039 435 1076 473
1074 1035 439 1072 477
1075 1031 442 1065 477
1076 1027 446 1058 477
1077 1013 449 1051 484
1078 1000 453 1045 491
1079 990 456 1034 491
1080 980 460 1023 491
1081 972 464 1013 491
1082 964 467 1002 491
1083 948 467 988 494
1084 931 467 974 498
1085 914 471 961 498
1086 897 474 947 498
1087 879 471 933 501
1088 861 468 919 505
1089 847 467 905 505
1090 833 467 891 505
1091 816 467 877 502
1092 799 467 863 498
1093 784 467 846 498
1094 770 467 828 498
1095 758 467 814 498
1096 746 467 800 498
1097 723 464 783 494
1098 701 460 765 491
1099 683 457 748 491
1100 666 454 730 491
1101 655 454 713 488
1102 644 453 695 484
1103 626 450 681 480
1104 609 446 667 477
1105 595 443 649 477
1106 581 440 632 477
1107 564 437 618 474
1108 547 433 604 470
1109 535 433 590 467
1110 524 432 576 463
1111 510 429 562 459
1112 497 425 548 456
1113 486 422 537 452
1114 475 418 527 449
1115 467 418 513 449
1116 460 418 498 449
1117 449 415 488 445
1118 439 411 477 442
1119 432 411 470 442
1120 426 411 463 442
1121 419 411 456 442
1122 409 408 453 445
1123 405 408 449 445
1124 402 408 446 445
1125 401 409 442 441
1126 401 409 438 437
1127 398 409 434 437
1128 396 409 431 437
1129 395 409 431 437
1130 394 409 431 437
1131 394 409 434 441
1132 397 411 434 442
1133 404 415 444 445
1134 410 418 455 449
1135 417 418 467 449
1136 424 418 478 449
1137 442 418 494 449
1138 459 418 510 449
1139 469 418 531 449
1140 479 418 552 449
1141 500 414 573 449
1142 521 411 594 449
1143 542 408 618 449
1144 563 405 643 450
1145 587 404 673 446
1146 611 404 704 442
1147 639 397 735 439
1148 667 391 767 436
1149 695 387 784 432
1150 724 382 801 429
1151 755 376 841 422
1152 786 370 880 415
1153 814 366 908 411
1154 842 363 936 408
1155 870 362 960 404
1156 899 362 985 400
1157 927 362 1010 397
1158 955 362 1035 393
1159 980 362 1056 393
1160 1004 362 1077 393
1161 1025 362 1094 393
1162 1047 362 1111 393
1163 1064 362 1126 396
1164 1082 362 1140 399
1165 1096 365 1148 402
1166 1110 369 1155 406
1167 1117 372 1162 409
1168 1124 376 1169 413
1169 1135 379 1173 413
1170 1146 383 1177 414
1171 1150 387 1180 417
1172 1153 390 1184 421
1173 1157 397 1187 427
1174 1160 404 1191 433
1175 1157 408 1187 437
1176 1155 411 1184 440
1177 1151 415 1180 445
1178 1148 418 1177 449
1179 1140 425 1174 455
1180 1133 432 1170 461
1181 1123 436 1163 465
1182 1113 439 1156 468
1183 1109 443 1146 469
1184 1104 446 1135 470
1185 1088 450 1125 473
1186 1071 453 1114 477
1187 1057 453 1104 480
1188 1043 453 1094 484
1189 1031 457 1080 487
1190 1019 460 1066 491
1191 1003 460 1052 491
1192 987 460 1038 491
1193 969 460 1024 491
1194 952 460 1010 491
1195 935 460 993 491
1196 918 460 975 491
1197 903 460 961 491
1198 889 460 947 491
1199 872 457 933 491
1200 855 454 919 491
1201 840 454 902 488
1202 826 453 884 484
1203 814 453 866 484
1204 802 453 849 484
1205 780 450 835 480
1206 757 448 821 477
1207 739 447 804 477
1208 722 446 786 477
1209 707 446 769 477
1210 693 446 751 477
1211 679 450 733 477
1212 665 453 716 477
1213 651 453 702 479
1214 637 453 688 482
1215 620 453 674 483
1216 603 453 660 484
1217 588 457 646 487
1218 574 460 632 489
1219 560 460 618 490
1220 546 460 604 491
1221 535 464 590 491
1222 525 467 576 491
1223 517 467 562 494
1224 509 467 547 498
1225 496 467 537 498
1226 483 467 526 498
1227 476 467 516 498
1228 468 467 505 498
1229 462 464 498 494
1230 456 462 491 491
1231 451 461 488 491
1232 446 460 484 491
1233 446 457 481 487
1234 446 453 477 484
1235 442 450 477 480
1236 439 446 477 477
1237 442 443 477 473
1238 446 439 477 470
1239 443 433 480 469
1240 443 431 480 466
1241 447 430 483 466
1242 450 429 485 466
1243 454 429 490 466
1244 457 429 494 466
1245 463 429 497 459
1246 467 425 504 456
1247 474 425 511 456
1248 481 425 518 456
1249 488 425 528 456
1250 494 425 539 456
1251 501 425 546 459
1252 508 425 553 462
1253 519 428 564 462
1254 529 432 574 463
1255 540 432 588 463
1256 550 432 601 463
1257 561 432 609 463
1258 571 432 618 463
1259 585 436 637 466
1260 599 439 657 470
1261 613 439 678 474
1262 626 439 699 477
1263 648 442 711 481
1264 669 446 723 484
1265 686 449 752 488
1266 703 453 781 491
1267 724 456 803 494
1268 745 460 825 497
1269 766 460 847 498
1270 787 460 868 498
1271 811 463 888 502
1272 836 467 909 505
1273 861 470 929 505
1274 886 474 950 505
1275 906 474 978 508
1276 927 474 1005 511
1277 952 474 1018 512
1278 977 474 1031 512
1279 994 474 1051 512
1280 1012 474 1070 512
1281 1030 474 1084 512
1282 1047 474 1098 512
1283 1058 474 1109 509
1284 1068 474 1119 505
1285 1079 474 1127 505
1286 1089 474 1134 505
1287 1097 474 1135 501
1288 1101 472 1138 500
1289 1105 472 1137 500
1290 1109 472 1137 500
1291 1109 472 1137 500
1292 1109 472 1137 500
1293 1106 468 1137 500
1294 1106 467 1135 496
1295 1098 467 1132 497
1296 1091 467 1128 498
1297 1091 471 1121 498
1298 1090 474 1114 498
1299 1077 474 1107 498
1300 1063 474 1100 498
1301 1050 474 1090 498
1302 1036 474 1079 498
1303 1022 474 1069 500
1304 1008 474 1059 503
1305 994 474 1045 504
1306 980 474 1031 505
1307 962 474 1017 505
1308 945 474 1003 505
1309 931 474 989 505
1310 917 474 975 505
1311 905 474 957 505
1312 893 474 940 505
1313 870 474 926 505
1314 846 474 913 505
1315 829 474 895 505
1316 811 474 878 505
1317 800 474 856 505
1318 788 474 835 505
1319 762 474 818 505
1320 736 474 800 505
1321 715 470 783 505
1322 693 467 766 505
1323 679 467 744 502
1324 665 467 723 498
1325 648 467 706 498
1326 631 467 688 498
1327 613 467 671 498
1328 595 467 653 498
1329 577 467 636 498
1330 560 467 618 498
1331 548 467 600 498
1332 536 467 583 498
1333 517 467 565 498
1334 497 467 548 498
1335 483 471 534 501
1336 469 474 520 503
1337 454 474 506 504
1338 440 474 492 505
1339 430 474 478 505
1340 420 474 463 505
1341 410 478 453 505
1342 399 481 442 505
1343 392 481 432 505
1344 384 481 421 505
1345 377 481 414 508
1346 370 481 407 512
1347 363 481 400 512
1348 356 481 393 512
1349 353 481 386 512
1350 347 478 382 515
1351 342 478 378 515
1352 338 478 375 515
1353 335 478 371 515
1354 331 478 368 515
1355 332 482 364 514
1356 332 486 360 514
1357 332 486 360 514
1358 332 486 360 514
1359 329 486 360 514
1360 326 486 361 514
1361 325 482 361 514
1362 327 481 358 512
1363 330 485 364 512
1364 330 486 374 514
1365 334 486 379 514
1366 337 486 383 514
1367 351 492 389 515
1368 362 495 399 519
1369 369 495 409 521
1370 375 495 420 524
1371 386 495 431 525
1372 396 495 443 526
1373 414 499 463 529
1374 431 502 483 533
1375 445 502 500 533
1376 459 502 517 533
1377 476 499 538 533
1378 494 496 558 533
1379 515 496 579 530
1380 536 495 600 526
1381 556 489 625 523
1382 577 482 650 519
1383 598 472 677 512
1384 619 461 705 506
1385 647 453 721 495
1386 676 446 737 484
1387 700 419 774 471
1388 724 393 810 457
1389 748 369 838 437
1390 772 345 866 416
1391 800 320 890 395
1392 829 296 915 374
1393 853 261 936 346
1394 878 226 958 319
1395 903 191 979 284
1396 927 156 1000 249
1397 948 128 1015 217
1398 970 99 1030 185
1399 987 71 1043 154
1400 1005 44 1056 122
1401 1019 22 1074 97
1402 1033 0 1091 73
1403 1047 0 1096 51
1404 1058 0 1104 32
1405 1058 0 1104 32
1406 1058 0 1104 32
1407 1058 0 1104 32
1408 1062 0 1100 29
1409 1062 0 1100 29
1484 1199 363 1270 400
1485 1199 363 1270 400
1486 1199 363 1270 400
1487 1174 360 1245 397
1488 1148 356 1221 393
1489 1124 356 1196 390
1490 1099 355 1172 386
1491 1076 355 1147 386
1492 1052 355 1123 386
1493 1039 359 1098 386
1494 1026 362 1073 386
1495 993 366 1049 393
1496 960 369 1024 400
1497 936 372 1004 406
1498 912 376 983 413
1499 890 379 962 417
1500 868 383 941 421
1501 850 386 920 424
1502 832 390 899 427
1503 816 393 881 427
1504 799 397 863 428
1505 784 397 846 428
1506 770 397 828 428
1507 759 397 814 428
1508 748 397 800 428
1509 734 394 786 424
1510 721 390 772 421
1511 713 387 761 417
1512 706 383 751 414
1513 702 380 740 410
1514 698 376 729 407
1515 684 370 722 404
1516 671 363 716 400
1517 661 363 705 397
1518 651 362 694 393
1519 644 362 687 393
1520 636 362 681 393
1521 622 362 670 396
1522 609 362 660 399
1523 598 369 649 406
1524 587 376 639 413
1525 577 379 628 420
1526 567 382 618 427
1527 562 390 611 431
1528 557 397 604 435
1529 548 404 593 442
1530 538 411 583 448
1531 534 414 579 448
1532 531 418 576 449
1533 534 422 568 449
1534 537 425 561 449
1535 531 423 563 455
1536 527 422 564 459
1537 524 422 560 459
1538 520 422 557 459
1539 520 423 557 455
1540 520 423 557 451
1541 520 419 557 451
1542 520 415 557 452
1543 520 415 560 452
1544 523 418 560 449
1545 526 422 563 452
1546 530 425 567 454
1547 530 425 571 459
1548 529 425 576 463
1549 533 432 578 470
1550 536 439 581 476
1551 540 442 582 480
1552 544 446 582 484
1553 544 449 586 488
1554 543 453 590 491
1555 547 460 589 494
1556 551 467 589 496
1557 551 464 593 500
1558 555 464 592 501
1559 556 468 592 500
1560 560 474 589 498
1561 562 474 592 501
1562 565 474 594 505
1563 562 468 601 508
1564 561 465 605 509
1565 561 461 606 505
1566 561 458 607 502
1567 561 453 607 498
1568 561 449 607 495
1569 568 446 607 484
1570 572 440 610 477
1571 572 433 610 474
1572 572 426 610 471
1573 572 423 610 463
1574 572 419 610 456
1575 575 415 610 449
1576 579 411 610 442
1577 576 405 613 441
1578 576 403 613 438
1579 576 402 613 438
1580 576 401 613 438
1581 576 398 613 434
1582 576 394 613 431
1583 576 391 613 427
1584 576 387 613 424
1585 576 384 613 420
1586 576 380 613 417
1587 576 381 613 413
1588 576 381 613 409
1589 576 377 613 409
1590 579 376 610 407
1591 583 376 613 403
1592 583 374 618 402
1593 583 371 619 402
1594 583 368 620 403
1595 587 367 623 403
1596 590 366 625 403
1597 594 370 626 402
1598 600 376 624 400
1599 604 376 631 400
1600 604 374 641 402
1601 608 374 644 402
1602 611 374 648 402
1603 617 380 651 403
1604 621 383 658 407
1605 624 383 661 410
1606 628 383 665 414
1607 635 387 668 417
1608 642 390 671 419
1609 646 394 672 420
1610 649 397 673 421
1611 653 397 676 423
1612 654 394 682 429
1613 654 398 681 429
1614 654 402 680 428
1615 658 402 680 429
1616 662 402 681 430
1617 662 402 685 430
1618 661 402 689 430
1619 661 402 689 430
1620 661 402 689 430
1621 661 399 689 426
1622 661 395 689 423
1623 661 392 689 423
1624 661 389 689 424
1625 661 388 689 420
1626 661 388 689 416
1627 661 385 689 412
1628 661 381 689 409
1629 661 377 689 409
1630 661 373 689 410
1631 661 374 689 406
1632 661 374 689 402
1633 662 374 685 402
1634 662 374 681 402
1635 662 375 681 398
1636 662 375 681 394
1637 658 371 681 394
1638 656 369 680 393
1639 657 373 676 395
1640 655 374 674 400
1641 655 374 674 401
1642 655 374 674 402
1643 651 374 674 402
1644 647 374 675 402
1645 647 374 675 402
1646 647 374 675 402
1647 644 374 675 405
1648 644 376 673 405
1649 640 377 669 406
1650 637 378 666 407
1651 636 367 666 404
1652 635 357 666 400
1653 632 343 669 390
1654 629 329 672 380
1655 628 317 669 366
1656 628 305 666 352
1657 628 279 666 331
1658 628 253 666 310
1659 632 229 662 293
1660 635 205 659 276
1661 632 183 659 251
1662 628 162 659 226
1663 628 146 659 209
1664 628 131 659 191
1665 628 117 663 174
1666 628 104 666 156
1667 631 93 669 142
1668 635 83 672 128
1669 638 76 672 117
1670 642 69 673 106
1671 642 62 673 99
1672 639 52 676 96
1673 639 51 676 92
1674 639 51 676 88
1675 638 51 680 88
1676 638 51 684 88
1677 642 57 677 91
1678 642 61 673 98
1679 643 64 676 101
1680 643 68 679 105
1681 646 69 686 105
1682 648 69 693 106
1683 652 59 703 103
1684 655 49 713 100
1685 665 35 728 89
1686 675 21 742 79
1687 689 9 756 69
1688 703 0 770 58
1689 718 0 782 44
1690 732 0 793 29
1691 746 0 796 22
1692 757 0 803 16
1693 757 0 803 16
1694 757 0 803 16
1695 757 0 803 16
1696 757 0 803 16
1697 761 0 799 14
1702 1025 0 1106 35
1703 1025 0 1106 35
1704 1025 0 1106 35
1705 1039 0 1117 42
1706 1053 0 1127 49
1707 1064 0 1132 63
1708 1075 0 1136 77
1709 1071 6 1136 86
1710 1067 17 1137 94
1711 1054 34 1134 124
1712 1041 51 1131 154
1713 1024 72 1120 178
1714 1007 93 1110 202
1715 995 117 1092 218
1716 982 142 1075 235
1717 949 166 1054 267
1718 915 191 1034 300
1719 888 219 1010 321
1720 860 247 985 343
1721 832 268 957 364
1722 803 289 929 385
1723 776 310 898 403
1724 749 331 866 421
1725 721 349 841 435
1726 692 367 817 448
1727 665 381 785 456
1728 637 395 754 463
1729 624 406 721 467
1730 612 417 689 471
1731 582 424 668 474
1732 552 431 648 478
1733 535 428 627 478
1734 518 426 605 478
1735 506 422 588 474
1736 494 419 570 471
1737 484 414 556 464
1738 474 410 542 457
1739 464 407 531 453
1740 454 403 521 450
1741 449 400 513 446
1742 445 396 506 443
1743 442 397 499 439
1744 440 397 492 435
1745 436 400 485 439
1746 428 400 482 446
1747 428 399 482 449
1748 427 399 482 453
1749 427 403 482 453
1750 427 407 482 453
1751 431 411 482 453
1752 439 418 477 449
1753 446 418 480 449
1754 453 418 482 449
1755 456 418 493 453
1756 459 418 504 456
1757 463 418 511 453
1758 466 418 518 449
1759 477 415 525 445
1760 487 411 532 442
1761 494 408 542 438
1762 501 404 552 435
1763 512 401 557 431
1764 523 397 561 428
1765 533 394 575 424
1766 543 390 588 421
1767 550 387 598 421
1768 557 384 608 421
1769 568 384 613 418
1770 579 383 617 414
1771 589 383 634 414
1772 599 383 650 414
1773 613 383 660 414
1774 628 383 671 414
1775 638 387 681 417
1776 649 390 692 419
1777 659 390 709 420
1778 669 390 726 421
1779 683 390 738 421
1780 697 390 749 421
1781 711 390 763 424
1782 725 390 776 427
1783 736 390 784 428
1784 746 390 793 428
1785 760 393 809 428
1786 774 397 825 428
1787 785 397 836 428
1788 795 397 847 428
1789 805 397 861 428
1790 816 397 874 428
1791 830 397 885 431
1792 844 397 895 434
1793 855 400 906 434
1794 865 404 916 435
1795 876 404 924 438
1796 886 404 931 441
1797 893 407 942 441
1798 900 411 952 442
1799 911 415 963 445
1800 921 418 973 449
1801 932 422 977 449
1802 943 425 980 449
1803 953 425 987 452
1804 964 425 995 456
1805 971 429 1008 459
1806 978 432 1021 463
1807 988 436 1028 466
1808 999 439 1036 468
1809 1006 443 1043 469
1810 1013 446 1050 470
1811 1023 446 1060 473
1812 1034 446 1069 477
1813 1041 450 1076 477
1814 1048 453 1083 477
1815 1055 453 1088 477
1816 1062 453 1093 477
1817 1069 453 1096 477
1818 1076 453 1100 477
1819 1080 450 1110 477
1820 1083 446 1120 477
1821 1090 446 1123 477
1822 1094 443 1129 480
1823 1098 444 1130 476
1824 1102 444 1130 472
1825 1106 444 1133 472
1826 1109 444 1137 472
1827 1109 441 1141 472
1828 1108 438 1145 473
1829 1108 437 1145 469
1830 1111 439 1142 463
1831 1105 436 1139 463
1832 1098 432 1135 463
1833 1091 429 1132 463
1834 1084 426 1129 463
1835 1074 426 1118 460
1836 1064 425 1107 456
1837 1056 422 1097 452
1838 1048 418 1086 449
1839 1025 418 1073 449
1840 1002 418 1059 449
1841 981 418 1045 449
1842 959 418 1032 449
1843 938 418 1011 452
1844 917 418 990 455
1845 886 418 969 456
1846 855 418 949 456
1847 827 418 921 459
1848 799 417 893 462
1849 767 421 865 466
1850 735 424 837 469
1851 704 428 806 470
1852 672 432 774 470
1853 642 435 743 474
1854 611 439 711 477
1855 579 442 680 481
1856 548 446 648 484
1857 531 446 616 484
1858 514 446 584 484
1859 470 446 553 484
1860 426 446 522 484
1861 399 446 494 484
1862 372 446 466 484
1863 350 446 437 484
1864 329 446 409 484
1865 308 446 384 484
1866 287 446 360 484
1867 269 446 339 484
1868 251 446 318 484
1869 235 449 300 484
1870 218 453 282 484
1871 213 453 264 484
1872 208 453 246 484
1873 194 453 236 484
1874 181 453 226 484
1875 174 453 215 484
1876 164 450 208 487
1877 164 450 200 487
1878 164 450 192 487
1879 160 457 186 484
1880 151 458 186 486
1881 150 454 186 486
1882 152 453 183 484
1883 156 453 186 480
1884 159 453 190 477
1885 162 450 196 477
1886 166 446 203 477
1887 173 443 213 473
1888 180 441 223 470
1889 190 440 230 470
1890 201 439 238 470
1891 208 436 246 466
1892 215 432 253 463
1893 229 429 269 459
1894 243 427 286 456
1895 253 426 300 456
1896 263 425 314 456
1897 277 422 328 452
1898 291 418 342 449
1899 305 415 356 445
1900 319 413 370 442
1901 333 412 384 442
1902 347 411 398 442
1903 361 408 416 438
1904 375 406 433 435
1905 392 405 453 435
1906 410 404 473 435
1907 427 404 484 435
1908 445 404 496 435
1909 459 404 514 431
1910 473 404 531 428
1911 491 401 543 428
1912 508 397 555 428
1913 526 397 578 428
1914 543 397 601 428
1915 560 397 619 428
1916 578 397 636 428
1917 595 397 657 428
1918 613 397 677 428
1919 630 397 698 428
1920 647 397 718 428
1921 669 394 731 424
1922 690 390 744 421
1923 711 390 770 421
1924 732 390 796 421
1925 749 387 814 421
1926 766 384 833 421
1927 784 383 853 421
1928 801 383 874 421
1929 822 383 892 418
1930 843 383 910 414
1931 861 383 930 414
1932 878 383 951 414
1933 896 379 968 414
1934 913 376 986 414
1935 935 376 994 411
1936 956 376 1003 407
1937 974 376 1025 407
1938 991 376 1048 407
1939 1008 373 1065 403
1940 1026 369 1083 400
1941 1044 369 1097 400
1942 1061 369 1112 400
1943 1075 351 1130 397
1944 1089 333 1149 394
1945 1107 347 1159 394
1946 1124 362 1169 393
1947 1139 359 1182 389
1948 1153 357 1196 386
1949 1163 356 1207 386
1950 1173 355 1218 386
1951 1184 355 1228 386
1952 1195 355 1238 386
1953 1205 355 1242 386
1954 1216 355 1247 386
1955 1223 355 1253 382
1956 1227 353 1262 381
1957 1231 353 1263 381
1958 1235 353 1263 381
1959 1235 350 1263 381
1960 1237 350 1261 379
1961 1231 349 1265 375
1962 1224 348 1269 372
1963 1214 345 1258 372
1964 1204 341 1247 372
1965 1190 338 1241 372
1966 1176 335 1234 372
1967 1151 331 1221 369
1968 1127 327 1207 365
1969 1106 323 1186 365
1970 1085 319 1165 366
1971 1061 316 1144 362
1972 1037 312 1123 359
1973 1012 309 1099 359
1974 987 307 1074 359
1975 971 306 1050 355
1976 955 305 1025 352
1977 912 306 994 348
1978 869 306 963 344
1979 837 302 935 344
1980 805 298 907 345
1981 774 302 876 347
1982 742 305 844 350
1983 711 305 816 351
1984 679 305 788 352
1985 654 305 757 355
1986 629 305 725 359
1987 602 312 693 362
1988 575 319 661 364
1989 559 323 637 365
1990 542 327 612 365
1991 509 330 588 372
1992 476 333 563 380
1993 454 337 539 383
1994 433 340 514 387
1995 416 347 489 393
1996 400 354 464 399
1997 388 358 450 403
1998 376 361 436 406
1999 366 369 422 409
2000 356 376 408 413
2001 349 379 397 413
2002 342 383 387 414
2003 335 387 376 417
2004 328 390 365 421
2005 324 387 365 424
2006 324 387 361 424
2007 324 391 360 427
2008 324 394 359 429
2009 324 394 363 430
2010 327 397 364 428
2011 334 397 371 428
2012 341 397 378 428
2013 348 397 388 428
2014 354 397 399 428
2015 365 397 409 428
2016 376 397 419 428
2017 386 397 433 428
2018 396 397 447 428
2019 407 394 461 428
2020 417 391 475 428
2021 435 391 486 425
2022 453 390 496 421
2023 463 390 514 421
2024 473 390 531 421
2025 487 390 545 421
2026 501 390 559 421
2027 518 390 576 417
2028 536 390 593 414
2029 550 387 602 414
2030 564 383 611 414
2031 582 383 634 414
2032 599 383 657 414
2033 613 383 674 414
2034 627 383 691 414
2035 644 383 709 414
2036 662 383 726 414
2037 679 383 744 414
2038 697 383 761 414
2039 714 383 776 417
2040 732 383 790 420
2041 746 386 804 420
2042 760 390 818 421
2043 778 390 830 421
2044 795 390 842 421
2045 809 390 858 421
2046 823 390 874 421
2047 834 390 888 421
2048 844 390 902 421
2049 858 390 913 421
2050 872 390 923 421
2051 883 390 934 421
2052 893 390 944 421
2053 904 390 952 421
2054 914 390 959 421
2055 921 390 970 421
2056 928 390 980 421
2057 939 387 987 417
2058 949 383 994 414
2059 956 383 1004 414
2060 963 383 1014 414
2061 970 383 1022 410
2062 977 383 1029 407
2063 984 383 1034 407
2064 991 383 1038 407
2065 998 380 1044 407
2066 1005 376 1050 407
2067 1013 376 1053 403
2068 1020 376 1057 400
2069 1023 374 1060 400
2070 1027 371 1064 400
2071 1030 370 1064 396
2072 1034 369 1065 393
2073 1032 367 1068 395
2074 1033 367 1068 395
2075 1029 367 1068 395
2076 1028 369 1065 393
2077 1021 369 1062 396
2078 1014 369 1059 400
2079 1007 369 1055 400
2080 1000 369 1052 400
2081 993 369 1041 403
2082 986 369 1031 406
2083 978 369 1024 407
2084 970 369 1017 407
2085 954 372 1003 407
2086 938 376 989 407
2087 917 376 979 411
2088 896 376 969 414
2089 878 376 951 414
2090 860 376 934 414
2091 840 376 917 414
2092 819 376 899 414
2093 801 376 878 414
2094 783 376 857 414
2095 763 372 836 411
2096 742 369 815 407
2097 730 369 797 407
2098 718 369 779 407
2099 695 372 758 407
2100 673 376 737 407
2101 655 376 720 407
2102 636 376 703 407
2103 619 376 685 407
2104 601 376 668 407
2105 585 376 650 411
2106 568 376 632 414
2107 553 376 615 414
2108 539 376 597 414
2109 525 379 583 414
2110 511 383 569 414
2111 500 383 555 414
2112 489 383 541 414
2113 482 383 530 414
2114 475 383 520 414
2115 461 383 509 414
2116 441 380 504 417
2117 442 380 496 417
2118 446 383 484 414
2119 446 387 477 414
2120 446 390 470 414
2121 444 387 466 410
2122 439 381 465 409
2123 438 381 465 409
2124 437 381 465 409
2125 433 381 469 409
2126 428 381 474 409
2127 435 381 473 407
2128 435 375 479 410
2129 439 374 480 410
2130 446 376 477 407
2131 450 380 480 407
2132 453 383 484 407
2133 456 383 490 407
2134 460 383 497 407
2135 463 383 501 410
2136 467 383 505 414
2137 474 387 509 414
2138 481 390 512 414
2139 488 394 522 420
2140 495 397 532 426
2141 498 401 539 431
2142 501 404 546 435
2143 512 407 553 441
2144 523 411 560 448
2145 530 414 567 451
2146 537 418 574 455
2147 544 425 584 459
2148 550 432 595 463
2149 557 436 605 466
2150 564 439 615 470
2151 575 443 620 473
2152 586 446 624 477
2153 596 450 641 480
2154 606 453 657 484
2155 620 457 674 487
2156 634 460 691 489
2157 644 460 706 490
2158 654 460 721 491
2159 672 460 735 491
2160 690 460 748 491
2161 704 460 762 491
2162 718 460 776 491
2163 732 460 790 491
2164 746 460 804 491
2165 760 460 822 491
2166 773 460 840 491
2167 791 460 854 494
2168 809 460 867 497
2169 823 463 881 497
2170 837 467 895 498
2171 851 467 909 498
2172 865 467 923 498
2173 879 471 937 501
2174 893 474 951 505
2175 907 474 965 505
2176 921 474 979 505
2177 935 474 993 508
2178 949 474 1007 511
2179 963 477 1018 511
2180 977 481 1028 512
2181 988 481 1035 512
2182 999 481 1042 512
2183 1009 485 1049 512
2184 1020 488 1057 512
2185 1030 488 1067 512
2186 1041 488 1078 512
2187 1048 488 1085 515
2188 1055 488 1092 519
2189 1062 488 1095 519
2190 1069 488 1098 519
2191 1073 488 1103 515
2192 1076 488 1107 512
2193 1077 486 1113 514
2194 1080 486 1115 514
2195 1084 486 1116 514
2196 1088 486 1116 514
2197 1088 483 1115 514
2198 1088 480 1114 515
2199 1085 479 1115 511
2200 1082 479 1117 507
2201 1081 475 1113 507
2202 1081 471 1109 508
2203 1078 471 1105 507
2204 1074 471 1102 506
2205 1071 471 1098 507
2206 1067 471 1095 508
2207 1062 478 1089 505
2208 1055 481 1086 505
2209 1049 481 1083 508
2210 1042 481 1079 512
2211 1035 485 1072 512
2212 1028 488 1065 512
2213 1015 488 1058 515
2214 1002 488 1052 519
2215 991 492 1041 522
2216 980 495 1031 526
2217 972 495 1024 526
2218 965 495 1017 526
2219 954 495 1006 530
2220 944 495 996 533
2221 930 498 986 533
2222 917 502 975 533
2223 906 502 965 533
2224 896 502 954 533
2225 884 499 944 529
2226 873 495 933 526
2227 860 492 919 526
2228 847 489 905 526
2229 830 486 891 523
2230 814 482 877 519
2231 799 479 863 516
2232 783 475 850 512
2233 766 472 836 509
2234 748 468 822 505
2235 731 468 804 502
2236 714 467 787 498
2237 696 464 769 498
2238 678 461 752 498
2239 664 460 734 498
2240 650 460 717 498
2241 633 463 699 498
2242 615 467 682 498
2243 598 467 664 501
2244 580 467 647 504
2245 569 470 629 504
2246 557 474 611 505
2247 534 474 594 508
2248 510 474 577 511
2249 496 474 559 512
2250 483 474 541 512
2251 464 477 524 512
2252 446 481 506 512
2253 436 481 496 512
2254 427 481 485 512
2255 416 481 471 512
2256 405 481 457 512
2257 394 485 443 515
2258 384 488 429 519
2259 376 488 418 519
2260 369 488 407 519
2261 359 492 397 522
2262 349 495 386 526
2263 345 499 379 529
2264 341 502 372 531
2265 335 506 369 535
2266 328 509 365 538
2267 325 509 362 542
2268 321 509 358 546
2269 321 512 355 549
2270 317 512 354 556
2271 317 516 354 560
2272 320 523 351 560
2273 320 530 350 560
2274 320 537 349 561
2275 324 537 353 564
2276 324 534 359 571
2277 324 538 363 570
2278 327 544 364 568
2279 334 544 371 568
2280 337 542 381 570
2281 341 542 385 570
2282 348 544 385 568
2283 355 542 395 568
2284 362 539 405 568
2285 372 535 412 564
2286 383 532 420 561
2287 390 528 427 557
2288 397 525 434 554
2289 407 521 444 550
2290 418 518 455 547
2291 425 510 465 544
2292 431 503 476 540
2293 442 496 487 533
2294 452 489 497 526
2295 459 486 504 523
2296 466 482 511 519
2297 477 475 522 512
2298 487 468 532 505
2299 498 464 540 498
2300 509 460 547 491
2301 519 450 561 484
2302 529 440 574 477
2303 540 437 588 470
2304 550 434 601 463
2305 561 429 612 459
2306 571 425 622 456
2307 582 419 633 453
2308 592 412 643 449
2309 603 409 654 442
2310 613 406 664 435
2311 627 402 674 435
2312 642 398 685 435
2313 652 398 689 432
2314 663 397 694 428
2315 673 394 715 424
2316 683 390 735 421
2317 697 387 746 417
2318 711 383 756 414
2319 722 380 770 410
2320 732 376 783 407
2321 743 373 794 403
2322 753 369 805 400
2323 764 366 816 396
2324 774 364 826 393
2325 788 363 840 393
2326 802 362 853 393
2327 813 362 864 389
2328 823 362 874 386
2329 834 360 885 386
2330 844 357 895 386
2331 855 356 906 386
2332 865 355 916 386
2333 876 355 927 386
2334 886 355 937 386
2335 897 355 945 386
2336 907 355 952 386
2337 918 355 962 382
2338 929 355 972 379
2339 936 355 979 381
2340 942 355 987 384
2341 949 355 997 385
2342 956 355 1007 386
2343 967 355 1015 386
2344 977 355 1022 386
2345 985 355 1025 386
2346 992 355 1029 386
2347 995 359 1036 389
2348 998 362 1043 391
2349 1005 362 1050 392
2350 1008 359 1062 396
2351 1012 359 1065 396
2352 1015 359 1069 396
2353 1019 363 1069 395
2354 1023 367 1069 395
2355 1030 369 1069 396
2356 1030 366 1076 403
2357 1034 370 1076 402
2358 1038 374 1075 402
2359 1038 374 1074 402
2360 1038 374 1073 402
2361 1038 374 1074 406
2362 1041 376 1072 407
2363 1037 380 1072 410
2364 1034 383 1072 412
2365 1030 383 1069 416
2366 1027 383 1065 420
2367 1023 386 1062 420
2368 1020 390 1058 421
2369 1013 394 1055 424
2370 1007 397 1052 428
2371 1004 397 1044 431
2372 1000 397 1037 434
2373 990 400 1030 434
2374 980 404 1023 435
2375 970 408 1013 438
2376 959 411 1002 442
2377 945 411 996 446
2378 931 411 989 449
2379 920 414 975 449
2380 910 418 961 449
2381 893 421 947 455
2382 876 425 933 462
2383 855 428 919 465
2384 833 432 906 469
2385 812 435 888 469
2386 791 439 871 470
2387 774 439 850 473
2388 756 439 829 476
2389 735 439 808 477
2390 714 439 787 477
2391 693 442 769 477
2392 672 446 752 477
2393 658 446 731 481
2394 645 446 709 484
2395 627 449 692 487
2396 608 453 675 490
2397 588 456 657 493
2398 567 460 640 497
2399 550 463 619 500
2400 533 467 597 504
2401 518 470 580 507
2402 504 474 562 511
2403 490 477 548 514
2404 476 481 534 518
2405 461 484 520 518
2406 446 488 506 519
2407 442 492 492 522
2408 439 495 477 526
2409 422 495 467 529
2410 406 495 457 532
2411 398 498 446 532
2412 391 502 436 533
2413 384 502 429 536
2414 377 502 422 539
2415 370 505 411 539
2416 360 506 404 543
2417 356 506 400 543
2418 356 509 393 540
2419 353 509 386 540
2420 347 506 382 543
2421 346 506 378 543
2422 346 506 374 543
2423 342 507 374 539
2424 338 507 375 535
2425 338 504 375 531
2426 341 502 372 526
2427 345 499 372 522
2428 348 495 372 519
2429 348 489 375 515
2430 348 483 379 512
2431 355 479 385 508
2432 362 476 391 505
2433 366 475 395 501
2434 369 474 398 498
2435 372 471 406 494
2436 376 467 413 491
2437 383 464 420 491
2438 390 460 427 491
2439 393 460 434 487
2440 396 460 441 484
2441 407 457 448 484
2442 418 453 455 484
2443 425 450 465 480
2444 431 448 476 477
2445 442 447 483 477
2446 453 446 490 477
2447 460 446 494 477
2448 467 446 498 477
2449 474 443 514 473
2450 480 439 531 470
2451 491 439 539 466
2452 501 439 546 463
2453 512 436 557 463
2454 522 432 567 463
2455 533 429 578 459
2456 543 427 588 456
2457 554 426 599 456
2458 564 425 609 456
2459 575 422 620 452
2460 585 420 630 449
2461 596 419 638 449
2462 607 418 645 449
2463 617 418 662 449
2464 627 418 678 449
2465 638 418 692 445
2466 648 418 706 442
2467 662 415 717 442
2468 676 411 728 442
2469 690 411 742 442
2470 704 411 755 442
2471 715 408 769 438
2472 725 404 783 435
2473 739 404 794 435
2474 753 404 805 435
2475 767 404 819 435
2476 781 404 832 435
2477 792 404 846 435
2478 802 404 860 435
2479 816 404 874 435
2480 830 404 888 435
2481 844 408 899 438
2482 858 411 909 440
2483 869 411 923 441
2484 879 411 937 442
2485 893 415 948 445
2486 907 418 959 449
2487 921 418 973 452
2488 935 418 986 455
2489 946 421 994 455
2490 956 425 1001 456
2491 967 429 1012 459
2492 977 432 1022 461
2493 984 432 1032 462
2494 991 432 1042 463
2495 1002 436 1050 466
2496 1012 439 1057 468
2497 1020 439 1060 469
2498 1023 436 1067 473
2499 1027 436 1072 473
2500 1034 439 1072 470
2501 1038 439 1068 466
2502 1041 439 1065 463
2503 1039 434 1071 465
2504 1038 431 1075 466
2505 1034 430 1076 466
2506 1034 432 1072 463
2507 1031 429 1072 459
2508 1028 425 1073 456
2509 1024 422 1069 452
2510 1021 418 1066 449
2511 1014 415 1059 445
2512 1007 413 1052 442
2513 1003 412 1044 442
2514 999 411 1037 442
2515 995 411 1030 438
2516 992 411 1023 435
2517 976 408 1016 435
2518 959 404 1010 435
2519 951 404 999 435
2520 944 404 989 435
2521 933 408 978 438
2522 923 411 968 442
2523 912 415 957 445
2524 902 418 947 447
2525 892 418 936 451
2526 882 418 925 455
2527 865 425 912 462
2528 847 432 898 469
2529 833 435 887 472
2530 819 439 877 476
2531 801 446 860 479
2532 784 453 842 482
2533 767 457 832 487
2534 749 460 822 491
2535 735 464 804 494
2536 720 467 787 498
2537 703 471 773 501
2538 685 474 759 505
2539 674 478 741 508
2540 663 481 723 512
2541 649 481 709 515
2542 635 481 695 518
2543 622 484 678 518
2544 609 488 660 519
2545 595 488 649 519
2546 581 488 639 519
2547 567 488 625 519
2548 553 488 611 519
2549 542 488 597 519
2550 531 488 583 519
2551 517 484 569 519
2552 504 481 555 519
2553 493 481 544 516
2554 483 481 534 512
2555 478 478 523 508
2556 474 474 512 505
2557 460 474 502 505
2558 445 474 492 505
2559 436 474 481 508
2560 427 474 470 511
2561 423 477 463 511
2562 418 481 456 512
2563 411 481 449 512
2564 405 481 442 512
2565 402 485 435 512
2566 396 486 431 514
2567 395 486 427 514
2568 395 486 423 514
2569 395 486 423 514
2570 395 486 423 514
2571 391 486 423 518
2572 390 488 421 519
2573 394 485 424 515
2574 397 483 426 512
2575 401 479 433 508
2576 404 476 439 505
2577 407 472 447 505
2578 410 468 455 505
2579 417 465 465 498
2580 424 462 475 491
2581 435 457 483 487
2582 445 453 490 484
2583 456 450 504 480
2584 466 446 517 477
2585 480 443 531 473
2586 494 439 545 470
2587 505 436 559 466
2588 515 432 573 463
2589 529 429 587 459
2590 543 425 601 456
2591 557 422 615 452
2592 571 418 629 449
2593 585 418 643 449
2594 599 418 657 449
2595 616 415 678 445
2596 634 411 698 442
2597 648 411 713 442
2598 661 411 728 442
2599 683 411 745 442
2600 704 411 762 442
2601 718 411 776 442
2602 732 411 790 442
2603 749 411 808 438
2604 767 411 825 435
2605 781 409 839 435
2606 795 406 853 435
2607 809 405 867 435
2608 823 404 881 435
2609 837 404 889 435
2610 851 404 898 435
2611 865 401 915 431
2612 879 397 931 428
2613 890 397 942 428
2614 900 397 952 428
2615 914 394 963 424
2616 928 392 973 421
2617 935 391 980 421
2618 942 390 987 421
2619 953 390 994 417
2620 964 390 1001 414
2621 971 390 1008 414
2622 978 390 1015 414
2623 985 387 1019 414
2624 992 383 1023 414
2625 999 383 1029 410
2626 1006 383 1035 407
2627 1009 380 1043 407
2628 1013 376 1050 407
2629 1016 376 1053 403
2630 1016 374 1060 402
2631 1020 374 1064 402
2632 1023 374 1067 402
2633 1023 374 1068 405
2634 1023 373 1069 408
2635 1027 377 1069 409
2636 1031 381 1068 409
2637 1031 381 1068 413
2638 1031 380 1068 417
2639 1028 380 1064 417
2640 1024 380 1061 417
2641 1021 384 1061 416
2642 1018 388 1062 416
2643 1014 388 1058 416
2644 1014 390 1051 414
2645 1007 390 1048 414
2646 1000 390 1045 414
2647 993 390 1038 417
2648 986 390 1031 421
2649 979 390 1024 421
2650 972 390 1017 421
2651 961 390 1006 421
2652 951 390 996 421
2653 937 390 985 421
2654 924 390 975 421
2655 907 394 961 424
2656 890 397 947 428
2657 872 397 933 432
2658 853 397 920 435
2659 833 400 902 439
2660 812 404 885 442
2661 795 407 867 446
2662 777 411 850 449
2663 765 414 832 453
2664 753 418 814 456
2665 723 421 794 463
2666 693 424 773 469
2667 678 428 752 473
2668 663 431 731 476
2669 643 439 710 479
2670 622 446 689 483
2671 605 446 675 486
2672 588 445 661 490
2673 574 453 639 493
2674 560 460 618 497
2675 546 463 604 501
2676 532 467 590 505
2677 524 470 576 509
2678 515 474 562 512
2679 502 477 551 516
2680 489 481 541 519
2681 478 488 527 526
2682 468 495 513 532
2683 461 498 506 532
2684 454 502 499 533
2685 450 506 495 536
2686 445 509 492 540
2687 443 513 484 543
2688 437 513 481 550
2689 436 513 477 550
2690 436 513 473 550
2691 437 517 469 549
2692 437 521 465 549
2693 437 517 465 549
2694 439 516 463 547
2695 436 513 466 543
2696 428 508 474 543
2697 432 507 477 543
2698 435 506 479 543
2699 435 507 480 539
2700 435 507 481 535
2701 439 507 481 535
2702 446 509 477 533
2703 449 509 483 535
2704 453 509 490 538
2705 456 509 497 535
2706 459 509 504 533
2707 470 509 511 533
2708 481 509 518 533
2709 488 506 528 533
2710 495 502 538 533
2711 505 499 548 529
2712 516 495 559 526
2713 530 492 573 526
2714 544 489 587 526
2715 554 486 601 523
2716 564 482 615 519
2717 578 482 623 512
2718 593 481 631 505
2719 606 475 654 501
2720 620 469 677 498
2721 637 461 698 495
2722 655 454 719 491
2723 672 447 737 488
2724 690 440 754 485
2725 707 436 772 477
2726 724 432 791 470
2727 746 425 811 463
2728 767 419 831 456
2729 784 412 849 453
2730 801 405 868 450
2731 823 404 879 442
2732 844 404 891 435
2733 862 397 914 428
2734 879 390 937 421
2735 896 384 955 418
2736 914 377 972 414
2737 931 373 990 407
2738 949 369 1007 400
2739 970 363 1025 397
2740 991 356 1042 393
2741 1008 349 1066 386
2742 1026 342 1090 379
2743 1043 335 1105 372
2744 1061 328 1119 365
2745 1075 321 1137 358
2746 1088 314 1155 351
2747 1106 307 1166 344
2748 1124 300 1176 337
2749 1138 293 1186 330
2750 1153 286 1196 323
2751 1167 282 1207 316
2752 1181 278 1218 309
2753 1191 271 1231 302
2754 1202 264 1245 295
2755 1212 258 1255 292
2756 1223 251 1266 288
2757 1233 248 1273 281
2758 1244 245 1279 274
2759 1255 244 1279 270
2760 1266 243 1279 267
2761 1264 241 1279 269
2762 1264 241 1279 269
2763 1264 241 1279 269
2764 1266 243 1279 267
2765 1266 243 1279 267
2785 1219 383 1279 414
2786 1219 383 1279 414
2787 1219 383 1279 414
2788 1194 387 1262 417
2789 1169 390 1242 421
2790 1145 390 1221 421
2791 1120 390 1200 421
2792 1089 390 1176 421
2793 1058 390 1152 421
2794 1029 390 1116 421
2795 1001 390 1081 421
2796 971 390 1053 421
2797 941 390 1025 421
2798 920 390 1001 421
2799 899 390 976 421
2800 849 390 938 425
2801 800 390 900 428
2802 768 393 869 435
2803 737 396 837 441
2804 705 404 802 444
2805 673 411 767 448
2806 642 414 735 455
2807 611 417 704 462
2808 579 424 676 469
2809 546 431 648 476
2810 512 438 613 483
2811 478 445 578 490
2812 457 453 546 494
2813 437 460 514 498
2814 394 467 483 508
2815 350 473 452 518
2816 323 480 417 525
2817 295 487 381 532
2818 267 494 353 539
2819 239 501 325 546
2820 218 509 301 550
2821 196 516 276 554
2822 178 519 255 561
2823 160 522 234 567
2824 143 526 213 568
2825 125 530 192 568
2826 114 530 177 568
2827 103 530 163 568
2828 100 530 152 568
2829 97 531 142 568
2830 93 528 138 565
2831 88 524 135 561
2832 88 517 138 558
2833 88 510 140 555
2834 95 499 154 548
2835 101 489 168 541
2836 115 482 185 534
2837 129 475 202 527
2838 139 464 223 516
2839 149 454 245 506
2840 177 443 272 495
2841 205 433 299 485
2842 230 422 327 478
2843 254 411 356 471
2844 285 401 387 461
2845 317 392 419 450
2846 348 384 454 440
2847 379 377 490 429
2848 418 370 530 422
2849 456 363 570 415
2850 487 359 609 408
2851 519 356 648 401
2852 558 355 669 401
2853 597 354 690 401
2854 635 354 747 401
2855 673 354 803 401
2856 711 358 841 407
2857 750 361 879 413
2858 788 364 917 421
2859 827 368 956 428
2860 865 375 992 438
2861 904 381 1027 448
2862 939 392 1062 458
2863 974 402 1097 469
2864 1009 416 1132 486
2865 1044 430 1167 504
2866 1076 444 1184 512
2867 1108 459 1201 520
2868 1136 472 1240 540
2869 1163 486 1279 560
2870 1189 500 1279 574
2871 1214 514 1279 588
2872 1236 536 1279 596
2873 1256 553 1279 608
2874 1256 553 1279 608
2875 1256 553 1279 608
2876 1256 553 1279 608
2877 1259 557 1279 604
2878 1214 572 1279 617
2879 1170 586 1279 629
2880 1126 601 1279 642
2881 1082 615 1279 655
2882 1038 630 1279 668
2883 1038 630 1279 668
2895 252 633 691 713
2896 252 633 691 713
2897 252 633 691 713
2898 252 633 691 713
2904 0 689 175 719
2905 0 689 175 719
2906 0 689 175 719
2907 0 689 175 719
2927 0 114 138 256
2928 0 114 138 256
2929 0 114 138 256
2930 14 85 197 221
2931 39 55 256 186
2932 64 25 315 152
2933 89 0 375 117
2934 89 0 375 117
2942 634 0 905 126
2943 634 0 905 126
2944 634 0 905 126
2945 683 11 924 145
2946 731 30 943 164
2947 779 49 961 183
2948 828 68 980 202
2949 854 90 1009 237
2950 881 111 1038 273
2951 917 154 1056 305
2952 953 196 1073 336
2953 971 228 1084 361
2954 989 260 1095 386
2955 999 292 1099 404
2956 1010 324 1103 421
2957 1010 342 1103 432
2958 1010 360 1103 443
2959 1008 374 1095 447
2960 1005 389 1088 450
2961 995 393 1078 450
2962 984 398 1067 450
2963 970 390 1057 447
2964 956 383 1047 443
2965 945 370 1032 437
2966 935 356 1018 430
2967 928 342 1011 412
2968 921 328 1004 395
2969 914 314 994 381
2970 907 299 983 367
2971 903 286 976 353
2972 899 272 969 339
2973 893 265 962 324
2974 887 258 955 310
2975 883 251 947 303
2976 880 244 940 296
2977 877 243 937 289
2978 873 243 933 281
2979 873 239 930 278
2980 872 236 926 274
2981 869 239 922 277
2982 865 243 919 280
2983 862 246 915 283
2984 858 250 912 287
2985 858 253 908 291
2986 858 257 905 295
2987 855 264 901 299
2988 851 271 898 302
2989 848 274 898 312
2990 846 277 898 322
2991 845 285 894 325
2992 844 292 891 329
2993 841 295 887 332
2994 837 299 884 336
2995 834 302 880 339
2996 830 306 877 343
2997 827 309 869 343
2998 824 313 862 344
2999 820 317 859 347
3000 817 320 855 351
3001 813 324 852 354
3002 810 327 848 358
3003 803 331 845 361
3004 797 334 842 365
3005 793 337 838 371
3006 790 341 835 378
3007 786 348 831 385
3008 781 355 828 392
3009 775 362 821 396
3010 769 369 814 400
3011 762 372 807 406
3012 755 376 800 413
3013 748 383 793 420
3014 741 390 786 427
3015 734 397 779 431
3016 727 404 772 435
3017 716 407 761 441
3018 706 411 751 448
3019 699 414 744 452
3020 692 418 737 456
3021 681 425 726 460
3022 671 432 716 463
3023 668 436 708 466
3024 664 439 701 470
3025 657 443 694 473
3026 650 446 687 477
3027 643 449 680 483
3028 636 453 673 490
3029 629 456 666 493
3030 622 460 659 497
3031 618 467 652 500
3032 614 474 645 503
3033 611 478 641 507
3034 604 478 641 513
3035 601 478 637 514
3036 600 481 631 512
3037 597 485 627 515
3038 595 488 624 519
3039 598 492 620 519
3040 599 493 618 521
3041 599 493 618 521
3042 599 493 618 521
3043 599 493 621 521
3044 598 493 624 521
3045 598 490 625 517
3046 600 488 624 512
3047 600 482 627 508
3048 600 476 631 505
3049 604 468 634 502
3050 607 461 638 498
3051 610 457 644 491
3052 614 453 651 484
3053 617 447 655 481
3054 621 440 659 477
3055 624 440 663 470
3056 628 439 666 463
3057 635 432 673 459
3058 642 425 679 456
3059 645 422 686 452
3060 648 418 693 449
3061 655 415 700 445
3062 662 411 707 442
3063 669 408 714 438
3064 676 406 721 435
3065 683 405 728 435
3066 690 404 735 435
3067 697 404 742 435
3068 704 404 749 435
3069 711 404 756 435
3070 718 404 763 435
3071 725 404 773 431
3072 732 404 783 428
3073 739 401 791 428
3074 746 397 798 428
3075 753 397 805 428
3076 760 397 812 428
3077 771 397 819 424
3078 781 397 826 421
3079 788 394 837 421
3080 795 390 847 421
3081 802 390 854 421
3082 809 390 861 421
3083 816 387 868 417
3084 823 385 875 414
3085 830 384 882 414
3086 837 383 889 414
3087 844 380 896 410
3088 851 378 903 407
3089 858 377 908 407
3090 865 376 912 407
3091 869 373 915 403
3092 872 369 919 400
3093 876 366 922 396
3094 879 364 926 393
3095 883 359 929 389
3096 886 355 933 386
3097 882 349 937 385
3098 882 345 937 382
3099 882 342 937 378
3100 882 338 937 375
3101 882 335 937 375
3102 882 332 937 376
3103 882 331 937 372
3104 886 334 933 365
3105 883 334 929 368
3106 875 330 930 374
3107 872 330 931 375
3108 868 330 931 376
3109 867 333 931 380
3110 867 337 931 383
3111 866 348 923 386
3112 859 355 919 393
3113 852 358 912 400
3114 845 361 905 406
3115 838 368 902 413
3116 831 375 899 420
3117 824 382 892 427
3118 817 389 885 434
3119 806 393 874 441
3120 796 396 864 448
3121 785 403 857 452
3122 774 410 850 455
3123 764 414 839 462
3124 753 417 829 469
3125 741 424 819 476
3126 728 431 808 483
3127 717 438 801 487
3128 705 445 795 490
3129 695 449 780 497
3130 685 452 766 504
3131 673 456 756 508
3132 662 459 745 511
3133 658 463 738 515
3134 654 466 731 518
3135 648 470 724 519
3136 634 469 724 524
3137 629 466 725 525
3138 624 462 726 525
3139 632 457 721 517
3140 632 447 725 514
3141 639 437 738 507
3142 646 426 750 500
3143 656 415 765 493
3144 666 403 779 486
3145 680 390 803 476
3146 693 376 827 466
3147 710 365 855 455
3148 727 354 883 445
3149 759 346 903 434
3150 792 339 922 423
3151 818 322 978 413
3152 845 304 1034 403
3153 872 287 1078 393
3154 899 270 1121 383
3155 945 260 1160 368
3156 991 250 1199 354
3157 1033 242 1240 344
3158 1075 234 1279 333
3159 1119 227 1279 326
3160 1163 219 1279 319
3161 1211 230 1279 311
3162 1256 236 1279 309
3163 1256 236 1279 309
3164 1256 236 1279 309
3165 1256 236 1279 309
3166 1256 236 1279 309
3167 1256 235 1279 309
3168 1255 235 1279 308
3169 1255 235 1279 307
3170 1254 234 1279 306
3171 1254 234 1279 305
3172 1253 234 1279 304
3173 1253 233 1279 303
3174 1252 233 1279 301
3175 1252 233 1279 300
3176 1251 232 1279 299
3177 1251 232 1279 298
3178 1250 232 1279 297
3179 1250 231 1279 296
3180 1250 231 1279 294
3181 1249 231 1279 293
3182 1249 230 1279 292
3183 1248 230 1279 291
3184 1248 230 1279 290
3185 1247 229 1279 289
3186 1247 229 1279 287
3187 1246 229 1279 286
3188 1246 228 1279 285
3189 1245 228 1279 284
3190 1245 228 1279 283
3191 1244 227 1279 282
3192 1244 227 1279 280
3193 1243 227 1279 279
3194 1243 226 1279 278
3195 1242 226 1279 277
3196 1242 226 1279 276
3197 1241 225 1279 275
3198 1241 225 1279 273
3199 1234 225 1279 272
3200 1232 229 1279 267
3201 1221 229 1279 270
3202 1210 228 1279 273
3203 1205 232 1273 274
3204 1201 236 1262 274
3205 1184 236 1252 277
3206 1168 235 1242 280
3207 1158 239 1228 281
3208 1147 243 1214 281
3209 1137 246 1207 281
3210 1126 250 1200 281
3211 1115 250 1186 285
3212 1104 250 1172 288
3213 1091 253 1158 291
3214 1077 257 1144 294
3215 1066 257 1129 295
3216 1055 257 1115 295
3217 1048 260 1101 299
3218 1040 264 1087 302
3219 1021 267 1073 305
3220 1001 271 1059 308
3221 986 274 1049 308
3222 972 278 1039 309
3223 958 278 1025 312
3224 944 278 1011 315
3225 930 281 993 315
3226 917 285 975 316
3227 903 285 961 316
3228 889 285 947 316
3229 875 285 933 316
3230 861 285 919 316
3231 849 285 909 316
3232 838 285 898 316
3233 825 285 884 316
3234 812 285 870 316
3235 804 285 860 316
3236 797 285 849 316
3237 784 285 835 319
3238 771 285 821 322
3239 759 285 814 323
3240 747 285 807 323
3241 737 285 797 323
3242 728 285 786 323
3243 724 288 779 323
3244 720 292 772 323
3245 713 292 765 323
3246 706 292 758 323
3247 705 292 751 326
3248 701 288 747 332
3249 701 292 743 333
3250 702 296 739 333
3251 702 297 739 329
3252 702 297 739 325
3253 703 297 731 325
3254 706 299 721 323
3255 703 299 727 325
3256 696 296 737 331
3257 695 296 738 332
3258 694 296 740 333
3259 697 296 744 333
3260 701 296 747 333
3261 700 300 750 332
3262 700 304 754 332
3263 700 304 754 336
3264 704 306 751 337
3265 708 306 754 340
3266 711 306 758 343
3267 711 309 761 346
3268 711 313 765 350
3269 715 316 768 354
3270 718 320 770 358
3271 722 327 771 362
3272 725 334 772 365
3273 729 337 775 375
3274 732 340 779 385
3275 732 351 782 395
3276 732 362 784 405
3277 736 372 785 415
3278 739 383 786 426
3279 739 393 789 437
3280 739 403 791 448
3281 743 414 792 462
3282 746 424 793 475
3283 746 438 796 493
3284 746 452 800 510
3285 750 469 800 527
3286 753 487 800 544
3287 753 501 803 559
3288 753 515 805 573
3289 753 532 806 590
3290 753 550 807 607
3291 757 568 807 621
3292 760 585 807 636
3293 760 596 807 650
3294 760 606 807 664
3295 760 620 810 675
3296 760 634 812 686
3297 764 644 816 700
3298 767 655 819 713
3299 771 669 820 717
3300 774 684 821 719
3301 774 691 824 719
3302 769 696 833 719
3303 775 697 832 719
3304 782 698 832 719
3305 779 694 832 719
3306 781 693 828 719
3307 781 685 831 719
3308 781 678 835 719
3309 781 671 835 715
3310 781 664 835 709
3311 781 656 835 698
3312 781 649 835 687
3313 781 632 834 677
3314 781 616 833 667
3315 781 605 834 656
3316 781 594 835 646
3317 781 580 835 632
3318 781 567 835 618
3319 778 556 835 607
3320 775 546 835 597
3321 774 538 835 586
3322 774 531 835 576
3323 774 524 832 565
3324 774 517 828 554
3325 774 509 828 547
3326 774 502 828 540
3327 771 489 828 534
3328 768 476 828 527
3329 767 465 828 516
3330 767 455 828 506
3331 767 444 825 495
3332 767 434 821 485
3333 764 420 821 474
3334 761 406 821 464
3335 758 392 818 450
3336 754 378 814 436
3337 751 360 811 419
3338 747 343 807 401
3339 743 325 804 387
3340 739 307 800 374
3341 732 293 797 356
3342 726 280 794 338
3343 722 269 786 324
3344 718 259 779 310
3345 708 245 772 299
3346 698 231 766 289
3347 688 217 755 275
3348 678 203 745 261
3349 661 188 734 247
3350 644 173 724 233
3351 633 164 714 219
3352 622 154 703 205
3353 607 143 693 198
3354 593 133 683 191
3355 576 125 669 181
3356 558 118 655 170
3357 540 113 637 163
3358 523 109 620 156
3359 503 103 599 152
3360 482 97 578 149
3361 458 96 561 145
3362 433 95 544 142
3363 408 95 519 142
3364 384 95 495 142
3365 368 95 466 142
3366 353 95 437 142
3367 313 99 417 145
3368 272 102 397 149
3369 241 106 369 155
3370 211 109 341 161
3371 175 116 314 168
3372 140 123 286 175
3373 101 130 251 182
3374 63 137 217 189
3375 30 144 181 196
3376 0 151 146 203
3377 0 155 110 208
3378 0 158 73 212
3379 0 166 51 208
3380 0 173 29 204
3381 0 170 32 207
3382 0 170 32 207
3383 0 170 32 207
3384 0 173 29 204
